code,name,market,secid,date,open,close,high,low,volume,amount,amplitude,pct_chg,chg,turnover,meta_decimal,meta_dktotal,meta_preKPrice
688087,英科再生,1,1.688087,2021-07-09,49.36,55.09,58.41,49.36,207386,1599979472.00,60.13,266.05,40.04,76.61,2,1098,15.05
688087,英科再生,1,1.688087,2021-07-12,59.36,61.90,63.35,56.58,108920,910880784.00,12.29,12.36,6.81,40.24,2,1098,15.05
688087,英科再生,1,1.688087,2021-07-13,62.58,76.51,84.28,62.58,93320,952047344.00,35.06,23.60,14.61,34.47,2,1098,15.05
688087,英科再生,1,1.688087,2021-07-14,80.71,81.58,87.86,78.41,51974,594739792.00,12.35,6.63,5.07,19.20,2,1098,15.05
688087,英科再生,1,1.688087,2021-07-15,78.65,78.65,79.79,70.09,46816,494625600.00,11.89,-3.59,-2.93,17.29,2,1098,15.05
688087,英科再生,1,1.688087,2021-07-16,77.94,77.22,81.65,73.21,29998,327428864.00,10.73,-1.82,-1.43,11.08,2,1098,15.05
688087,英科再生,1,1.688087,2021-07-19,76.94,72.22,78.64,70.15,28278,292377056.00,10.99,-6.48,-5.00,10.45,2,1098,15.05
688087,英科再生,1,1.688087,2021-07-20,73.02,79.58,83.78,73.02,42104,469738928.00,14.90,10.19,7.36,15.55,2,1098,15.05
688087,英科再生,1,1.688087,2021-07-21,79.29,84.41,87.22,75.44,36692,427748704.00,14.80,6.07,4.83,13.55,2,1098,15.05
688087,英科再生,1,1.688087,2021-07-22,84.36,75.80,84.52,75.80,25542,287413760.00,10.33,-10.20,-8.61,9.44,2,1098,15.05
688087,英科再生,1,1.688087,2021-07-23,77.14,76.99,79.76,72.22,26866,288417056.00,9.95,1.57,1.19,9.92,2,1098,15.05
688087,英科再生,1,1.688087,2021-07-26,76.51,77.79,79.21,70.29,27104,285518688.00,11.59,1.04,0.80,10.01,2,1098,15.05
688087,英科再生,1,1.688087,2021-07-27,74.84,66.45,77.44,66.04,24663,250819652.00,14.65,-14.58,-11.34,9.11,2,1098,15.05
688087,英科再生,1,1.688087,2021-07-28,66.86,69.21,70.29,64.38,17404,167927962.00,8.89,4.15,2.76,6.43,2,1098,15.05
688087,英科再生,1,1.688087,2021-07-29,69.36,73.94,76.19,69.06,15547,162178478.00,10.30,6.83,4.73,5.74,2,1098,15.05
688087,英科再生,1,1.688087,2021-07-30,75.36,71.86,77.59,71.17,13049,135747808.00,8.68,-2.81,-2.08,4.82,2,1098,15.05
688087,英科再生,1,1.688087,2021-08-02,70.08,77.90,77.94,70.08,14475,153553853.00,10.94,8.41,6.04,5.35,2,1098,15.05
688087,英科再生,1,1.688087,2021-08-03,77.90,74.42,78.26,73.79,11855,126175456.00,5.74,-4.47,-3.48,4.38,2,1098,15.05
688087,英科再生,1,1.688087,2021-08-04,73.65,74.79,75.74,72.46,6378,66304149.00,4.41,0.50,0.37,2.36,2,1098,15.05
688087,英科再生,1,1.688087,2021-08-05,74.68,70.71,74.68,70.44,11399,115113450.00,5.67,-5.46,-4.08,4.21,2,1098,15.05
688087,英科再生,1,1.688087,2021-08-06,69.72,67.22,72.14,65.58,9235,88552002.00,9.28,-4.94,-3.49,3.41,2,1098,15.05
688087,英科再生,1,1.688087,2021-08-09,67.21,68.49,69.86,63.25,8687,81595661.00,9.83,1.89,1.27,3.21,2,1098,15.05
688087,英科再生,1,1.688087,2021-08-10,68.41,64.78,69.02,63.75,12048,112148336.00,7.69,-5.42,-3.71,4.45,2,1098,15.05
688087,英科再生,1,1.688087,2021-08-11,65.08,64.51,65.74,63.25,5998,54505060.00,3.84,-0.42,-0.27,2.22,2,1098,15.05
688087,英科再生,1,1.688087,2021-08-12,64.51,63.29,64.58,61.82,7310,65073395.00,4.28,-1.89,-1.22,2.70,2,1098,15.05
688087,英科再生,1,1.688087,2021-08-13,63.29,66.03,68.36,60.66,11044,101382839.00,12.17,4.33,2.74,4.08,2,1098,15.05
688087,英科再生,1,1.688087,2021-08-16,64.12,61.79,65.71,61.51,12299,108591310.00,6.36,-6.42,-4.24,4.54,2,1098,15.05
688087,英科再生,1,1.688087,2021-08-17,61.50,59.51,63.12,59.29,8137,70127723.00,6.20,-3.69,-2.28,3.01,2,1098,15.05
688087,英科再生,1,1.688087,2021-08-18,59.74,62.19,62.51,58.66,5431,46976705.00,6.47,4.50,2.68,2.01,2,1098,15.05
688087,英科再生,1,1.688087,2021-08-19,61.51,65.44,66.45,60.22,11356,103624035.00,10.02,5.23,3.25,4.20,2,1098,15.05
688087,英科再生,1,1.688087,2021-08-20,65.44,71.28,72.79,63.65,16635,164769614.00,13.97,8.92,5.84,6.15,2,1098,15.05
688087,英科再生,1,1.688087,2021-08-23,72.69,70.44,79.34,69.22,15349,157541587.00,14.20,-1.18,-0.84,5.67,2,1098,15.05
688087,英科再生,1,1.688087,2021-08-24,70.79,68.89,70.79,67.58,8485,82512741.00,4.56,-2.20,-1.55,3.13,2,1098,15.05
688087,英科再生,1,1.688087,2021-08-25,67.29,68.35,69.58,65.79,8546,81405749.00,5.50,-0.78,-0.54,3.16,2,1098,15.05
688087,英科再生,1,1.688087,2021-08-26,67.94,64.28,69.26,63.78,8953,83255422.00,8.02,-5.95,-4.07,3.31,2,1098,15.05
688087,英科再生,1,1.688087,2021-08-27,64.29,65.32,67.22,63.73,5803,53942579.00,5.43,1.62,1.04,2.14,2,1098,15.05
688087,英科再生,1,1.688087,2021-08-30,65.08,64.22,67.72,62.44,8840,81203111.00,8.08,-1.68,-1.10,3.27,2,1098,15.05
688087,英科再生,1,1.688087,2021-08-31,64.18,63.22,67.71,62.94,9729,89096646.00,7.43,-1.56,-1.00,3.59,2,1098,15.05
688087,英科再生,1,1.688087,2021-09-01,64.83,61.92,64.83,60.79,7629,66812134.00,6.39,-2.06,-1.30,2.82,2,1098,15.05
688087,英科再生,1,1.688087,2021-09-02,60.72,60.92,62.22,60.45,6213,53808431.00,2.86,-1.61,-1.00,2.30,2,1098,15.05
688087,英科再生,1,1.688087,2021-09-03,59.61,59.19,60.92,58.97,12519,105687239.00,3.20,-2.84,-1.73,4.62,2,1098,15.05
688087,英科再生,1,1.688087,2021-09-06,60.08,65.79,65.79,59.21,16157,144095566.00,11.12,11.15,6.60,5.97,2,1098,15.05
688087,英科再生,1,1.688087,2021-09-07,67.94,62.04,68.40,59.79,16242,143079450.00,13.09,-5.70,-3.75,6.00,2,1098,15.05
688087,英科再生,1,1.688087,2021-09-08,61.36,60.37,62.36,59.98,9750,83559417.00,3.84,-2.69,-1.67,3.60,2,1098,15.05
688087,英科再生,1,1.688087,2021-09-09,60.64,60.38,63.29,59.36,12258,105263817.00,6.51,0.02,0.01,4.53,2,1098,15.05
688087,英科再生,1,1.688087,2021-09-10,60.08,58.70,60.38,58.70,9580,80396336.00,2.78,-2.78,-1.68,3.54,2,1098,15.05
688087,英科再生,1,1.688087,2021-09-13,59.22,59.69,61.74,57.36,14347,121406177.00,7.46,1.69,0.99,5.30,2,1098,15.05
688087,英科再生,1,1.688087,2021-09-14,59.86,57.26,59.86,56.34,19898,161464539.00,5.90,-4.07,-2.43,7.35,2,1098,15.05
688087,英科再生,1,1.688087,2021-09-15,57.22,61.51,62.22,56.59,33263,283020672.00,9.83,7.42,4.25,12.29,2,1098,15.05
688087,英科再生,1,1.688087,2021-09-16,61.73,58.21,63.41,56.36,27189,224828468.00,11.46,-5.36,-3.30,10.04,2,1098,15.05
688087,英科再生,1,1.688087,2021-09-17,57.94,59.08,59.71,56.67,13794,113554619.00,5.22,1.49,0.87,5.10,2,1098,15.05
688087,英科再生,1,1.688087,2021-09-22,58.65,57.71,60.33,57.54,10016,82664527.00,4.72,-2.32,-1.37,3.70,2,1098,15.05
688087,英科再生,1,1.688087,2021-09-23,57.69,57.08,58.54,56.87,10790,87655221.00,2.89,-1.09,-0.63,3.99,2,1098,15.05
688087,英科再生,1,1.688087,2021-09-24,57.01,57.11,57.51,56.58,4815,38930186.00,1.63,0.05,0.03,1.78,2,1098,15.05
688087,英科再生,1,1.688087,2021-09-27,57.79,55.21,57.79,54.91,6775,53809453.00,5.04,-3.33,-1.90,2.50,2,1098,15.05
688087,英科再生,1,1.688087,2021-09-28,54.86,52.39,55.21,52.28,14016,105650927.00,5.31,-5.11,-2.82,5.18,2,1098,15.05
688087,英科再生,1,1.688087,2021-09-29,52.94,52.03,53.94,50.66,10985,81584879.00,6.26,-0.69,-0.36,4.06,2,1098,15.05
688087,英科再生,1,1.688087,2021-09-30,51.03,54.36,54.71,51.03,6245,47336293.00,7.07,4.48,2.33,2.31,2,1098,15.05
688087,英科再生,1,1.688087,2021-10-08,54.36,54.36,55.55,52.41,6127,46534838.00,5.78,0.00,0.00,2.26,2,1098,15.05
688087,英科再生,1,1.688087,2021-10-11,53.67,55.04,55.29,53.10,4970,38463695.00,4.03,1.25,0.68,1.84,2,1098,15.05
688087,英科再生,1,1.688087,2021-10-12,53.93,54.14,55.58,53.65,4557,35118970.00,3.51,-1.64,-0.90,1.68,2,1098,15.05
688087,英科再生,1,1.688087,2021-10-13,53.72,54.52,55.28,52.36,4739,36243673.00,5.39,0.70,0.38,1.75,2,1098,15.05
688087,英科再生,1,1.688087,2021-10-14,53.86,53.58,54.91,53.39,3699,28300347.00,2.79,-1.72,-0.94,1.37,2,1098,15.05
688087,英科再生,1,1.688087,2021-10-15,53.57,53.94,54.50,52.47,7604,57533258.00,3.79,0.67,0.36,2.81,2,1098,15.05
688087,英科再生,1,1.688087,2021-10-18,53.66,55.59,56.49,52.87,7923,61796763.00,6.71,3.06,1.65,2.93,2,1098,15.05
688087,英科再生,1,1.688087,2021-10-19,55.11,54.66,56.39,53.99,8816,68431958.00,4.32,-1.67,-0.93,3.26,2,1098,15.05
688087,英科再生,1,1.688087,2021-10-20,54.64,54.58,55.22,54.09,4127,31957464.00,2.07,-0.15,-0.08,1.52,2,1098,15.05
688087,英科再生,1,1.688087,2021-10-21,54.15,55.67,56.21,53.29,8948,70138384.00,5.35,2.00,1.09,3.31,2,1098,15.05
688087,英科再生,1,1.688087,2021-10-22,55.83,56.81,57.58,55.51,8240,66284565.00,3.72,2.05,1.14,3.04,2,1098,15.05
688087,英科再生,1,1.688087,2021-10-25,56.51,58.36,58.86,56.37,8516,69924664.00,4.38,2.73,1.55,3.15,2,1098,15.05
688087,英科再生,1,1.688087,2021-10-26,58.65,57.76,59.96,57.08,7008,58137243.00,4.93,-1.03,-0.60,2.59,2,1098,15.05
688087,英科再生,1,1.688087,2021-10-27,57.79,56.54,58.85,56.29,9033,73409063.00,4.43,-2.11,-1.22,3.34,2,1098,15.05
688087,英科再生,1,1.688087,2021-10-28,56.54,58.15,58.93,55.86,8283,68160479.00,5.43,2.85,1.61,3.06,2,1098,15.05
688087,英科再生,1,1.688087,2021-10-29,58.65,57.21,60.07,56.56,9481,78230141.00,6.04,-1.62,-0.94,3.50,2,1098,15.05
688087,英科再生,1,1.688087,2021-11-01,56.64,55.69,57.45,54.36,5916,46810819.00,5.40,-2.66,-1.52,2.19,2,1098,15.05
688087,英科再生,1,1.688087,2021-11-02,55.78,57.11,59.54,55.09,9916,80787479.00,7.99,2.55,1.42,3.66,2,1098,15.05
688087,英科再生,1,1.688087,2021-11-03,57.85,61.72,62.58,56.73,14026,120350209.00,10.24,8.07,4.61,5.18,2,1098,15.05
688087,英科再生,1,1.688087,2021-11-04,61.72,62.43,63.64,61.35,10991,96846021.00,3.71,1.15,0.71,4.06,2,1098,15.05
688087,英科再生,1,1.688087,2021-11-05,63.37,59.78,65.70,59.28,12943,112303189.00,10.28,-4.24,-2.65,4.78,2,1098,15.05
688087,英科再生,1,1.688087,2021-11-08,60.49,61.51,62.86,59.36,13529,117589762.00,5.85,2.89,1.73,5.00,2,1098,15.05
688087,英科再生,1,1.688087,2021-11-09,61.15,63.46,64.94,60.85,11894,106716162.00,6.65,3.17,1.95,4.39,2,1098,15.05
688087,英科再生,1,1.688087,2021-11-10,63.46,62.19,63.46,60.95,5012,43934845.00,3.96,-2.00,-1.27,1.85,2,1098,15.05
688087,英科再生,1,1.688087,2021-11-11,62.15,61.80,62.54,60.46,6178,53652269.00,3.34,-0.63,-0.39,2.28,2,1098,15.05
688087,英科再生,1,1.688087,2021-11-12,61.93,63.58,65.29,61.16,7312,65660419.00,6.68,2.88,1.78,2.70,2,1098,15.05
688087,英科再生,1,1.688087,2021-11-15,63.56,66.24,67.94,63.39,16730,157015864.00,7.16,4.18,2.66,6.18,2,1098,15.05
688087,英科再生,1,1.688087,2021-11-16,67.11,65.61,67.11,65.09,6449,59996520.00,3.05,-0.95,-0.63,2.38,2,1098,15.05
688087,英科再生,1,1.688087,2021-11-17,65.51,64.94,67.08,62.94,9169,83422640.00,6.31,-1.02,-0.67,3.39,2,1098,15.05
688087,英科再生,1,1.688087,2021-11-18,63.90,63.66,65.74,62.31,7820,70223195.00,5.28,-1.97,-1.28,2.89,2,1098,15.05
688087,英科再生,1,1.688087,2021-11-19,63.58,64.01,65.16,62.88,4100,37135546.00,3.58,0.55,0.35,1.51,2,1098,15.05
688087,英科再生,1,1.688087,2021-11-22,64.01,62.66,65.72,62.22,7486,67561999.00,5.47,-2.11,-1.35,2.77,2,1098,15.05
688087,英科再生,1,1.688087,2021-11-23,62.66,62.82,65.96,61.51,13503,121928797.00,7.10,0.26,0.16,4.99,2,1098,15.05
688087,英科再生,1,1.688087,2021-11-24,62.71,68.33,70.07,62.65,19678,186136245.00,11.81,8.77,5.51,7.27,2,1098,15.05
688087,英科再生,1,1.688087,2021-11-25,68.61,70.20,71.86,66.79,15373,151333162.00,7.42,2.74,1.87,5.68,2,1098,15.05
688087,英科再生,1,1.688087,2021-11-26,71.11,70.68,74.33,69.81,12364,125399783.00,6.44,0.68,0.48,4.57,2,1098,15.05
688087,英科再生,1,1.688087,2021-11-29,69.85,70.86,72.04,69.65,5328,53035002.00,3.38,0.25,0.18,1.97,2,1098,15.05
688087,英科再生,1,1.688087,2021-11-30,70.08,69.57,71.77,68.65,5767,56801534.00,4.40,-1.82,-1.29,2.13,2,1098,15.05
688087,英科再生,1,1.688087,2021-12-01,70.76,70.39,71.33,68.86,5584,55166100.00,3.55,1.18,0.82,2.06,2,1098,15.05
688087,英科再生,1,1.688087,2021-12-02,71.51,70.06,71.51,67.04,8285,80918688.00,6.35,-0.47,-0.33,3.06,2,1098,15.05
688087,英科再生,1,1.688087,2021-12-03,70.06,72.94,74.32,69.17,9200,94288330.00,7.35,4.11,2.88,3.40,2,1098,15.05
688087,英科再生,1,1.688087,2021-12-06,72.94,70.15,74.85,69.50,8624,87406657.00,7.33,-3.83,-2.79,3.19,2,1098,15.05
688087,英科再生,1,1.688087,2021-12-07,70.77,68.06,71.86,67.58,9198,89734549.00,6.10,-2.98,-2.09,3.40,2,1098,15.05
688087,英科再生,1,1.688087,2021-12-08,68.34,68.05,70.21,67.42,6354,61585396.00,4.10,-0.01,-0.01,2.35,2,1098,15.05
688087,英科再生,1,1.688087,2021-12-09,68.05,67.00,69.02,66.86,9640,92165974.00,3.17,-1.54,-1.05,3.56,2,1098,15.05
688087,英科再生,1,1.688087,2021-12-10,67.21,66.75,67.90,65.79,4310,40892889.00,3.15,-0.37,-0.25,1.59,2,1098,15.05
688087,英科再生,1,1.688087,2021-12-13,67.76,66.30,68.41,65.86,6333,59742284.00,3.82,-0.67,-0.45,2.34,2,1098,15.05
688087,英科再生,1,1.688087,2021-12-14,66.16,67.02,68.29,64.44,6642,62752995.00,5.81,1.09,0.72,2.45,2,1098,15.05
688087,英科再生,1,1.688087,2021-12-15,66.91,69.01,70.31,66.86,10427,101652563.00,5.15,2.97,1.99,3.85,2,1098,15.05
688087,英科再生,1,1.688087,2021-12-16,68.08,69.68,70.66,67.87,4140,40437855.00,4.04,0.97,0.67,1.53,2,1098,15.05
688087,英科再生,1,1.688087,2021-12-17,68.79,66.65,69.04,66.44,5125,48739217.00,3.73,-4.35,-3.03,1.89,2,1098,15.05
688087,英科再生,1,1.688087,2021-12-20,65.85,66.58,67.86,65.08,3921,37061240.00,4.17,-0.11,-0.07,1.45,2,1098,15.05
688087,英科再生,1,1.688087,2021-12-21,67.73,69.22,71.31,66.58,6028,59062893.00,7.10,3.97,2.64,2.23,2,1098,15.05
688087,英科再生,1,1.688087,2021-12-22,69.21,69.65,71.15,68.11,5162,50836181.00,4.39,0.62,0.43,1.91,2,1098,15.05
688087,英科再生,1,1.688087,2021-12-23,68.69,69.79,70.79,68.03,3229,31805240.00,3.96,0.20,0.14,1.19,2,1098,15.05
688087,英科再生,1,1.688087,2021-12-24,69.01,69.33,70.24,66.80,7427,71269951.00,4.93,-0.66,-0.46,2.74,2,1098,15.05
688087,英科再生,1,1.688087,2021-12-27,68.66,67.46,68.66,66.51,2724,26029432.00,3.10,-2.70,-1.87,1.01,2,1098,15.05
688087,英科再生,1,1.688087,2021-12-28,67.89,66.31,68.24,65.94,2461,23298375.00,3.41,-1.70,-1.15,0.91,2,1098,15.05
688087,英科再生,1,1.688087,2021-12-29,66.64,67.80,68.36,65.97,2994,28525750.00,3.60,2.25,1.49,1.11,2,1098,15.05
688087,英科再生,1,1.688087,2021-12-30,67.61,67.93,69.24,66.86,5247,50272392.00,3.51,0.19,0.13,1.94,2,1098,15.05
688087,英科再生,1,1.688087,2021-12-31,67.23,66.84,68.54,66.78,2749,26252339.00,2.59,-1.60,-1.09,1.02,2,1098,15.05
688087,英科再生,1,1.688087,2022-01-04,66.84,71.15,71.99,66.84,8951,88374761.00,7.70,6.45,4.31,3.31,2,1098,15.05
688087,英科再生,1,1.688087,2022-01-05,70.71,66.96,70.71,66.64,6031,58034499.00,5.72,-5.89,-4.19,2.23,2,1098,15.05
688087,英科再生,1,1.688087,2022-01-06,67.36,66.77,68.65,62.86,9313,85959347.00,8.65,-0.28,-0.19,3.44,2,1098,15.05
688087,英科再生,1,1.688087,2022-01-07,65.94,63.72,67.70,62.65,7817,70854650.00,7.56,-4.57,-3.05,2.89,2,1098,15.05
688087,英科再生,1,1.688087,2022-01-10,61.87,63.65,64.64,58.87,13969,122173352.00,9.06,-0.11,-0.07,4.94,2,1098,15.05
688087,英科再生,1,1.688087,2022-01-11,62.26,60.14,63.00,59.66,11011,94805166.00,5.25,-5.51,-3.51,3.90,2,1098,15.05
688087,英科再生,1,1.688087,2022-01-12,59.46,60.27,62.36,59.36,12323,105514043.00,4.99,0.22,0.13,4.36,2,1098,15.05
688087,英科再生,1,1.688087,2022-01-13,60.07,57.38,60.16,56.86,9967,82430892.00,5.48,-4.80,-2.89,3.53,2,1098,15.05
688087,英科再生,1,1.688087,2022-01-14,57.14,58.91,59.39,56.90,6653,55126341.00,4.34,2.67,1.53,2.35,2,1098,15.05
688087,英科再生,1,1.688087,2022-01-17,57.94,58.66,59.52,56.51,7718,62987355.00,5.11,-0.42,-0.25,2.73,2,1098,15.05
688087,英科再生,1,1.688087,2022-01-18,57.85,57.86,58.51,56.51,9971,80833079.00,3.41,-1.36,-0.80,3.53,2,1098,15.05
688087,英科再生,1,1.688087,2022-01-19,57.80,57.50,58.21,56.69,5272,42747447.00,2.63,-0.62,-0.36,1.86,2,1098,15.05
688087,英科再生,1,1.688087,2022-01-20,56.59,56.70,57.45,56.20,4032,32363950.00,2.17,-1.39,-0.80,1.43,2,1098,15.05
688087,英科再生,1,1.688087,2022-01-21,56.15,56.97,58.11,55.70,2953,23892600.00,4.25,0.48,0.27,1.04,2,1098,15.05
688087,英科再生,1,1.688087,2022-01-24,56.46,57.79,57.94,55.23,5711,45830229.00,4.76,1.44,0.82,2.02,2,1098,15.05
688087,英科再生,1,1.688087,2022-01-25,57.72,56.23,57.72,55.71,3039,24280015.00,3.48,-2.70,-1.56,1.08,2,1098,15.05
688087,英科再生,1,1.688087,2022-01-26,57.22,58.11,59.01,56.52,3962,32503958.00,4.43,3.34,1.88,1.40,2,1098,15.05
688087,英科再生,1,1.688087,2022-01-27,57.19,57.71,59.01,56.79,3836,31342158.00,3.82,-0.69,-0.40,1.36,2,1098,15.05
688087,英科再生,1,1.688087,2022-01-28,58.10,59.03,60.47,57.79,9594,80514292.00,4.64,2.29,1.32,3.39,2,1098,15.05
688087,英科再生,1,1.688087,2022-02-07,61.03,58.77,61.03,57.08,5177,42875248.00,6.69,-0.44,-0.26,1.83,2,1098,15.05
688087,英科再生,1,1.688087,2022-02-08,58.91,58.64,58.91,56.91,4195,34346183.00,3.40,-0.22,-0.13,1.48,2,1098,15.05
688087,英科再生,1,1.688087,2022-02-09,58.64,59.01,59.07,56.94,3937,32429168.00,3.63,0.63,0.37,1.39,2,1098,15.05
688087,英科再生,1,1.688087,2022-02-10,58.99,57.93,59.99,57.43,1965,16115725.00,4.34,-1.83,-1.08,0.70,2,1098,15.05
688087,英科再生,1,1.688087,2022-02-11,57.93,55.33,57.93,55.26,6755,53653326.00,4.61,-4.49,-2.60,2.39,2,1098,15.05
688087,英科再生,1,1.688087,2022-02-14,55.15,54.66,55.36,53.07,4746,36295456.00,4.14,-1.21,-0.67,1.68,2,1098,15.05
688087,英科再生,1,1.688087,2022-02-15,54.51,54.01,54.81,52.88,5691,42951390.00,3.53,-1.19,-0.65,2.01,2,1098,15.05
688087,英科再生,1,1.688087,2022-02-16,53.49,54.01,55.48,53.23,4100,31595399.00,4.17,0.00,0.00,1.45,2,1098,15.05
688087,英科再生,1,1.688087,2022-02-17,53.72,52.96,54.91,52.94,3812,28874672.00,3.65,-1.94,-1.05,1.35,2,1098,15.05
688087,英科再生,1,1.688087,2022-02-18,52.23,52.61,52.95,52.22,3027,22523985.00,1.38,-0.66,-0.35,1.07,2,1098,15.05
688087,英科再生,1,1.688087,2022-02-21,52.58,52.99,53.06,52.36,2025,15143598.00,1.33,0.72,0.38,0.72,2,1098,15.05
688087,英科再生,1,1.688087,2022-02-22,52.58,50.67,53.33,49.36,9397,67992035.00,7.49,-4.38,-2.32,3.32,2,1098,15.05
688087,英科再生,1,1.688087,2022-02-23,50.67,54.34,54.34,50.67,9621,72509981.00,7.24,7.24,3.67,3.40,2,1098,15.05
688087,英科再生,1,1.688087,2022-02-24,54.91,53.65,56.01,52.58,7490,57430046.00,6.31,-1.27,-0.69,2.65,2,1098,15.05
688087,英科再生,1,1.688087,2022-02-25,53.85,54.64,56.03,53.64,4935,38241622.00,4.45,1.85,0.99,1.75,2,1098,15.05
688087,英科再生,1,1.688087,2022-02-28,54.36,53.15,54.73,52.09,6941,51858586.00,4.83,-2.73,-1.49,2.46,2,1098,15.05
688087,英科再生,1,1.688087,2022-03-01,52.86,53.72,53.86,52.43,2095,15801418.00,2.69,1.07,0.57,0.74,2,1098,15.05
688087,英科再生,1,1.688087,2022-03-02,52.94,52.34,54.19,52.24,4854,36423497.00,3.63,-2.57,-1.38,1.72,2,1098,15.05
688087,英科再生,1,1.688087,2022-03-03,52.47,50.64,53.29,50.46,8090,59021849.00,5.41,-3.25,-1.70,2.86,2,1098,15.05
688087,英科再生,1,1.688087,2022-03-04,50.69,50.16,52.11,49.72,4815,34562860.00,4.72,-0.95,-0.48,1.70,2,1098,15.05
688087,英科再生,1,1.688087,2022-03-07,49.79,50.59,51.36,49.12,5242,37341300.00,4.47,0.86,0.43,1.85,2,1098,15.05
688087,英科再生,1,1.688087,2022-03-08,50.06,48.64,51.21,48.04,5960,42033261.00,6.27,-3.85,-1.95,2.11,2,1098,15.05
688087,英科再生,1,1.688087,2022-03-09,49.36,49.22,49.61,46.10,5067,34499396.00,7.22,1.19,0.58,1.79,2,1098,15.05
688087,英科再生,1,1.688087,2022-03-10,50.20,47.58,50.20,47.22,5428,37118515.00,6.05,-3.33,-1.64,1.92,2,1098,15.05
688087,英科再生,1,1.688087,2022-03-11,46.27,46.94,47.49,44.72,5526,35870975.00,5.82,-1.35,-0.64,1.95,2,1098,15.05
688087,英科再生,1,1.688087,2022-03-14,46.72,43.87,46.72,42.29,7165,45654257.00,9.44,-6.54,-3.07,2.53,2,1098,15.05
688087,英科再生,1,1.688087,2022-03-15,43.87,43.53,44.29,42.44,7299,44986429.00,4.22,-0.78,-0.34,2.58,2,1098,15.05
688087,英科再生,1,1.688087,2022-03-16,44.09,42.68,44.09,40.44,5809,34564740.00,8.39,-1.95,-0.85,2.05,2,1098,15.05
688087,英科再生,1,1.688087,2022-03-17,43.64,43.24,44.73,42.51,6265,38757627.00,5.20,1.31,0.56,2.22,2,1098,15.05
688087,英科再生,1,1.688087,2022-03-18,43.15,42.50,43.39,42.27,4300,26113345.00,2.59,-1.71,-0.74,1.52,2,1098,15.05
688087,英科再生,1,1.688087,2022-03-21,42.47,42.15,42.92,40.96,6647,39877512.00,4.61,-0.82,-0.35,2.35,2,1098,15.05
688087,英科再生,1,1.688087,2022-03-22,42.06,42.30,42.94,41.36,3410,20350407.00,3.75,0.36,0.15,1.21,2,1098,15.05
688087,英科再生,1,1.688087,2022-03-23,42.17,43.07,43.39,41.64,3828,23303129.00,4.14,1.82,0.77,1.35,2,1098,15.05
688087,英科再生,1,1.688087,2022-03-24,43.31,41.96,43.31,41.86,2949,17696438.00,3.37,-2.58,-1.11,1.04,2,1098,15.05
688087,英科再生,1,1.688087,2022-03-25,41.86,41.14,43.29,41.09,4910,29598040.00,5.24,-1.95,-0.82,1.74,2,1098,15.05
688087,英科再生,1,1.688087,2022-03-28,40.81,41.08,41.31,39.86,2375,13725916.00,3.52,-0.15,-0.06,0.84,2,1098,15.05
688087,英科再生,1,1.688087,2022-03-29,42.09,43.51,45.08,41.62,7687,47493681.00,8.42,5.92,2.43,2.72,2,1098,15.05
688087,英科再生,1,1.688087,2022-03-30,42.85,43.51,44.12,42.30,4127,25166147.00,4.18,0.00,0.00,1.46,2,1098,15.05
688087,英科再生,1,1.688087,2022-03-31,43.44,43.36,44.41,42.79,2974,18483935.00,3.72,-0.34,-0.15,1.05,2,1098,15.05
688087,英科再生,1,1.688087,2022-04-01,43.24,42.94,43.86,42.29,2147,13103186.00,3.62,-0.97,-0.42,0.76,2,1098,15.05
688087,英科再生,1,1.688087,2022-04-06,42.94,41.00,42.94,40.57,4741,27817744.00,5.52,-4.52,-1.94,1.68,2,1098,15.05
688087,英科再生,1,1.688087,2022-04-07,40.79,41.08,41.36,39.86,3491,20205640.00,3.66,0.20,0.08,1.23,2,1098,15.05
688087,英科再生,1,1.688087,2022-04-08,40.79,40.52,41.20,39.97,1881,10797160.00,2.99,-1.36,-0.56,0.67,2,1098,15.05
688087,英科再生,1,1.688087,2022-04-11,40.22,38.33,40.36,37.94,3110,17179002.00,5.97,-5.40,-2.19,1.10,2,1098,15.05
688087,英科再生,1,1.688087,2022-04-12,38.08,39.71,40.65,38.08,4271,24126528.00,6.70,3.60,1.38,1.51,2,1098,15.05
688087,英科再生,1,1.688087,2022-04-13,39.61,41.78,42.36,38.74,5479,32336435.00,9.12,5.21,2.07,1.94,2,1098,15.05
688087,英科再生,1,1.688087,2022-04-14,41.51,42.15,42.60,41.42,3829,22783508.00,2.82,0.89,0.37,1.35,2,1098,15.05
688087,英科再生,1,1.688087,2022-04-15,42.15,42.57,44.09,40.64,3231,19597353.00,8.19,1.00,0.42,1.14,2,1098,15.05
688087,英科再生,1,1.688087,2022-04-18,42.69,42.14,42.94,40.99,1601,9564045.00,4.58,-1.01,-0.43,0.57,2,1098,15.05
688087,英科再生,1,1.688087,2022-04-19,42.02,41.72,42.47,41.26,1531,9068444.00,2.87,-1.00,-0.42,0.54,2,1098,15.05
688087,英科再生,1,1.688087,2022-04-20,41.51,40.49,41.86,40.43,2437,14205202.00,3.43,-2.95,-1.23,0.86,2,1098,15.05
688087,英科再生,1,1.688087,2022-04-21,40.09,40.24,41.97,39.46,2862,16434613.00,6.20,-0.62,-0.25,1.01,2,1098,15.05
688087,英科再生,1,1.688087,2022-04-22,39.87,40.29,40.74,38.87,1639,9314903.00,4.65,0.12,0.05,0.58,2,1098,15.05
688087,英科再生,1,1.688087,2022-04-25,40.78,39.26,41.08,36.93,2913,16039784.00,10.30,-2.56,-1.03,1.03,2,1098,15.05
688087,英科再生,1,1.688087,2022-04-26,38.65,38.08,39.27,37.09,3118,16862124.00,5.55,-3.01,-1.18,1.10,2,1098,15.05
688087,英科再生,1,1.688087,2022-04-27,37.22,39.36,39.36,35.94,5409,28957209.00,8.98,3.36,1.28,1.91,2,1098,15.05
688087,英科再生,1,1.688087,2022-04-28,39.36,39.01,40.51,38.84,4367,24625752.00,4.24,-0.89,-0.35,1.54,2,1098,15.05
688087,英科再生,1,1.688087,2022-04-29,39.45,41.62,42.14,38.79,3945,22786186.00,8.59,6.69,2.61,1.40,2,1098,15.05
688087,英科再生,1,1.688087,2022-05-05,41.62,41.69,43.64,41.40,2816,16962821.00,5.38,0.17,0.07,1.00,2,1098,15.05
688087,英科再生,1,1.688087,2022-05-06,40.80,41.42,42.14,40.46,2082,12268487.00,4.03,-0.65,-0.27,0.74,2,1098,15.05
688087,英科再生,1,1.688087,2022-05-09,41.66,42.29,42.90,40.79,2195,13094182.00,5.09,2.10,0.87,0.78,2,1098,15.05
688087,英科再生,1,1.688087,2022-05-10,42.22,42.59,42.80,41.16,1442,8696649.00,3.88,0.71,0.30,0.51,2,1098,15.05
688087,英科再生,1,1.688087,2022-05-11,42.26,43.51,44.71,42.26,3145,19502573.00,5.75,2.16,0.92,1.11,2,1098,15.05
688087,英科再生,1,1.688087,2022-05-12,43.44,43.85,45.08,42.86,2303,14253738.00,5.10,0.78,0.34,0.81,2,1098,15.05
688087,英科再生,1,1.688087,2022-05-13,44.27,42.74,44.36,42.51,1156,7044439.00,4.22,-2.53,-1.11,0.41,2,1098,15.05
688087,英科再生,1,1.688087,2022-05-16,43.29,41.91,43.29,41.37,1305,7794729.00,4.49,-1.94,-0.83,0.46,2,1098,15.05
688087,英科再生,1,1.688087,2022-05-17,41.91,42.94,43.15,41.28,2092,12554412.00,4.46,2.46,1.03,0.74,2,1098,15.05
688087,英科再生,1,1.688087,2022-05-18,42.99,41.90,43.29,41.42,3967,23714505.00,4.35,-2.42,-1.04,1.40,2,1098,15.05
688087,英科再生,1,1.688087,2022-05-19,41.72,41.98,42.06,40.80,2982,17531197.00,3.01,0.19,0.08,1.05,2,1098,15.05
688087,英科再生,1,1.688087,2022-05-20,41.11,42.47,43.37,41.11,3395,20424580.00,5.38,1.17,0.49,1.20,2,1098,15.05
688087,英科再生,1,1.688087,2022-05-23,42.31,44.68,44.72,41.86,6440,39572716.00,6.73,5.20,2.21,2.28,2,1098,15.05
688087,英科再生,1,1.688087,2022-05-24,44.08,40.98,44.88,40.80,6903,41438187.00,9.13,-8.28,-3.70,2.44,2,1098,15.05
688087,英科再生,1,1.688087,2022-05-25,40.93,41.11,41.51,39.99,3792,21922052.00,3.71,0.32,0.13,1.34,2,1098,15.05
688087,英科再生,1,1.688087,2022-05-26,40.80,41.27,42.41,39.96,2761,16323600.00,5.96,0.39,0.16,0.98,2,1098,15.05
688087,英科再生,1,1.688087,2022-05-27,41.28,41.99,42.93,41.20,1910,11459200.00,4.19,1.74,0.72,0.68,2,1098,15.05
688087,英科再生,1,1.688087,2022-05-30,41.94,43.06,43.28,41.60,3102,18795079.00,4.00,2.55,1.07,1.10,2,1098,15.05
688087,英科再生,1,1.688087,2022-05-31,43.01,43.40,43.41,42.58,2344,14338859.00,1.93,0.79,0.34,0.83,2,1098,15.05
688087,英科再生,1,1.688087,2022-06-01,43.58,45.15,45.86,43.08,4954,31370094.00,6.41,4.03,1.75,1.75,2,1098,15.05
688087,英科再生,1,1.688087,2022-06-02,44.96,46.47,46.56,43.65,4872,31485326.00,6.45,2.92,1.32,1.72,2,1098,15.05
688087,英科再生,1,1.688087,2022-06-06,46.65,46.51,48.09,45.16,9068,60356730.00,6.31,0.09,0.04,3.21,2,1098,15.05
688087,英科再生,1,1.688087,2022-06-07,46.54,47.22,49.26,46.01,7022,47629313.00,6.99,1.53,0.71,2.48,2,1098,15.05
688087,英科再生,1,1.688087,2022-06-08,47.94,46.68,47.94,45.88,2883,19105195.00,4.36,-1.14,-0.54,1.02,2,1098,15.05
688087,英科再生,1,1.688087,2022-06-09,46.41,44.83,46.51,44.78,2241,14389231.00,3.71,-3.96,-1.85,0.79,2,1098,15.05
688087,英科再生,1,1.688087,2022-06-10,44.38,45.22,45.44,44.38,2122,13549531.00,2.36,0.87,0.39,0.75,2,1098,15.05
688087,英科再生,1,1.688087,2022-06-13,44.72,45.44,45.93,44.36,2748,17633301.00,3.47,0.49,0.22,0.97,2,1098,15.05
688087,英科再生,1,1.688087,2022-06-14,44.72,44.08,45.29,43.30,3463,21751706.00,4.38,-2.99,-1.36,1.22,2,1098,15.05
688087,英科再生,1,1.688087,2022-06-15,44.01,44.94,46.51,43.83,3271,20899967.00,6.08,1.95,0.86,1.16,2,1098,15.05
688087,英科再生,1,1.688087,2022-06-16,44.94,45.17,45.71,44.41,1824,11694151.00,2.89,0.51,0.23,0.65,2,1098,15.05
688087,英科再生,1,1.688087,2022-06-17,44.99,45.08,45.93,44.36,2150,13812830.00,3.48,-0.20,-0.09,0.76,2,1098,15.05
688087,英科再生,1,1.688087,2022-06-20,45.08,47.54,47.56,45.08,3913,25854130.00,5.50,5.46,2.46,1.38,2,1098,15.05
688087,英科再生,1,1.688087,2022-06-21,47.90,45.06,47.90,44.72,3239,21066692.00,6.69,-5.22,-2.48,1.15,2,1098,15.05
688087,英科再生,1,1.688087,2022-06-22,45.24,43.35,45.24,43.26,2525,15804201.00,4.39,-3.79,-1.71,0.89,2,1098,15.05
688087,英科再生,1,1.688087,2022-06-23,43.49,42.36,43.72,41.29,4545,27002810.00,5.61,-2.28,-0.99,1.61,2,1098,15.05
688087,英科再生,1,1.688087,2022-06-24,42.26,44.19,45.08,41.78,4290,26617920.00,7.79,4.32,1.83,1.52,2,1098,15.05
688087,英科再生,1,1.688087,2022-06-27,44.51,42.73,45.16,42.29,6562,39882644.00,6.49,-3.30,-1.46,2.32,2,1098,15.05
688087,英科再生,1,1.688087,2022-06-28,42.73,41.36,42.78,41.04,4869,28626447.00,4.07,-3.21,-1.37,1.72,2,1098,15.05
688087,英科再生,1,1.688087,2022-06-29,41.15,40.49,41.79,40.49,3446,19994801.00,3.14,-2.10,-0.87,1.22,2,1098,15.05
688087,英科再生,1,1.688087,2022-06-30,40.94,40.84,41.02,38.49,8357,47408794.00,6.25,0.86,0.35,2.93,2,1098,15.05
688087,英科再生,1,1.688087,2022-07-01,40.22,40.13,40.51,39.36,4621,26206379.00,2.82,-1.74,-0.71,1.62,2,1098,15.05
688087,英科再生,1,1.688087,2022-07-04,39.95,40.76,41.16,39.16,4226,24246629.00,4.98,1.57,0.63,1.48,2,1098,15.05
688087,英科再生,1,1.688087,2022-07-05,40.82,40.01,41.48,39.86,2753,15783892.00,3.97,-1.84,-0.75,0.96,2,1098,15.05
688087,英科再生,1,1.688087,2022-07-06,40.01,39.79,40.63,39.49,2141,12169248.00,2.85,-0.55,-0.22,0.75,2,1098,15.05
688087,英科再生,1,1.688087,2022-07-07,39.58,38.89,40.41,38.79,3399,18937826.00,4.07,-2.26,-0.90,1.19,2,1098,15.05
688087,英科再生,1,1.688087,2022-07-08,38.89,38.76,39.44,38.54,2572,14186677.00,2.31,-0.33,-0.13,0.90,2,1098,15.05
688087,英科再生,1,1.688087,2022-07-11,38.76,39.95,40.91,38.46,7417,42071730.00,6.32,3.07,1.19,1.08,2,1098,15.05
688087,英科再生,1,1.688087,2022-07-12,39.59,37.92,40.06,37.64,4112,22466077.00,6.06,-5.08,-2.03,0.60,2,1098,15.05
688087,英科再生,1,1.688087,2022-07-13,37.93,38.04,38.37,37.01,2886,15467594.00,3.59,0.32,0.12,0.42,2,1098,15.05
688087,英科再生,1,1.688087,2022-07-14,37.41,38.81,39.15,37.41,2605,14311214.00,4.57,2.02,0.77,0.38,2,1098,15.05
688087,英科再生,1,1.688087,2022-07-15,38.90,39.22,40.22,38.40,2766,15454564.00,4.69,1.06,0.41,0.40,2,1098,15.05
688087,英科再生,1,1.688087,2022-07-18,40.06,40.09,40.50,38.71,5351,30053550.00,4.56,2.22,0.87,0.78,2,1098,15.05
688087,英科再生,1,1.688087,2022-07-19,40.09,41.97,42.58,40.09,8072,47625484.00,6.21,4.69,1.88,1.17,2,1098,15.05
688087,英科再生,1,1.688087,2022-07-20,41.53,41.65,42.36,41.18,5008,29503462.00,2.81,-0.76,-0.32,0.73,2,1098,15.05
688087,英科再生,1,1.688087,2022-07-21,41.27,41.01,42.34,41.01,2876,16887845.00,3.19,-1.54,-0.64,0.42,2,1098,15.05
688087,英科再生,1,1.688087,2022-07-22,40.93,40.19,41.66,39.86,2944,16839929.00,4.39,-2.00,-0.82,0.43,2,1098,15.05
688087,英科再生,1,1.688087,2022-07-25,40.19,39.98,40.71,39.87,1725,9863122.00,2.09,-0.52,-0.21,0.25,2,1098,15.05
688087,英科再生,1,1.688087,2022-07-26,39.93,39.66,40.22,38.79,1858,10417240.00,3.58,-0.80,-0.32,0.27,2,1098,15.05
688087,英科再生,1,1.688087,2022-07-27,39.24,40.49,40.72,39.24,2088,11938455.00,3.73,2.09,0.83,0.30,2,1098,15.05
688087,英科再生,1,1.688087,2022-07-28,40.36,40.49,40.77,40.13,1228,7045706.00,1.58,0.00,0.00,0.18,2,1098,15.05
688087,英科再生,1,1.688087,2022-07-29,40.93,39.25,40.94,39.16,2110,11849360.00,4.40,-3.06,-1.24,0.31,2,1098,15.05
688087,英科再生,1,1.688087,2022-08-01,38.92,39.29,39.50,38.29,1771,9799237.00,3.08,0.10,0.04,0.26,2,1098,15.05
688087,英科再生,1,1.688087,2022-08-02,38.66,37.26,38.71,36.30,4357,23175629.00,6.13,-5.17,-2.03,0.63,2,1098,15.05
688087,英科再生,1,1.688087,2022-08-03,36.86,37.15,38.51,36.85,3512,18871552.00,4.46,-0.30,-0.11,0.51,2,1098,15.05
688087,英科再生,1,1.688087,2022-08-04,37.22,36.66,37.68,36.51,2443,12757861.00,3.15,-1.32,-0.49,0.35,2,1098,15.05
688087,英科再生,1,1.688087,2022-08-05,36.67,39.22,39.88,36.65,5090,27499730.00,8.81,6.98,2.56,0.74,2,1098,15.05
688087,英科再生,1,1.688087,2022-08-08,39.22,38.49,40.01,38.16,4726,25996310.00,4.72,-1.86,-0.73,0.69,2,1098,15.05
688087,英科再生,1,1.688087,2022-08-09,38.51,38.47,38.79,38.09,2085,11365973.00,1.82,-0.05,-0.02,0.30,2,1098,15.05
688087,英科再生,1,1.688087,2022-08-10,38.34,39.16,39.38,38.32,2821,15602403.00,2.76,1.79,0.69,0.41,2,1098,15.05
688087,英科再生,1,1.688087,2022-08-11,39.19,40.78,40.86,39.19,4413,25249978.00,4.26,4.14,1.62,0.64,2,1098,15.05
688087,英科再生,1,1.688087,2022-08-12,40.78,39.42,40.89,39.39,4053,22875928.00,3.68,-3.33,-1.36,0.59,2,1098,15.05
688087,英科再生,1,1.688087,2022-08-15,38.64,38.31,39.51,38.09,3967,21712296.00,3.60,-2.82,-1.11,0.58,2,1098,15.05
688087,英科再生,1,1.688087,2022-08-16,38.22,38.24,39.01,37.79,2789,15147142.00,3.18,-0.18,-0.07,0.40,2,1098,15.05
688087,英科再生,1,1.688087,2022-08-17,38.69,37.78,38.69,37.37,2950,15786735.00,3.45,-1.20,-0.46,0.43,2,1098,15.05
688087,英科再生,1,1.688087,2022-08-18,37.41,37.49,37.97,37.28,2100,11186429.00,1.83,-0.77,-0.29,0.30,2,1098,15.05
688087,英科再生,1,1.688087,2022-08-19,37.54,37.46,38.79,37.36,3861,20808097.00,3.81,-0.08,-0.03,0.56,2,1098,15.05
688087,英科再生,1,1.688087,2022-08-22,37.74,37.65,37.74,36.81,1764,9343466.00,2.48,0.51,0.19,0.26,2,1098,15.05
688087,英科再生,1,1.688087,2022-08-23,37.27,37.91,38.79,37.27,1815,9750439.00,4.04,0.69,0.26,0.26,2,1098,15.05
688087,英科再生,1,1.688087,2022-08-24,38.35,37.28,38.35,36.65,3595,18989090.00,4.48,-1.66,-0.63,0.52,2,1098,15.05
688087,英科再生,1,1.688087,2022-08-25,37.01,37.34,37.37,35.94,5228,27144491.00,3.84,0.16,0.06,0.76,2,1098,15.05
688087,英科再生,1,1.688087,2022-08-26,37.94,39.61,40.14,37.94,12486,69793143.00,5.89,6.08,2.27,1.81,2,1098,15.05
688087,英科再生,1,1.688087,2022-08-29,39.41,38.74,39.71,38.51,9870,54594931.00,3.03,-2.20,-0.87,1.43,2,1098,15.05
688087,英科再生,1,1.688087,2022-08-30,38.35,37.72,38.73,37.45,5864,31483001.00,3.30,-2.63,-1.02,0.85,2,1098,15.05
688087,英科再生,1,1.688087,2022-08-31,37.76,37.14,37.76,36.84,5254,27739168.00,2.44,-1.54,-0.58,0.76,2,1098,15.05
688087,英科再生,1,1.688087,2022-09-01,37.14,37.14,37.61,36.87,2339,12324988.00,1.99,0.00,0.00,0.34,2,1098,15.05
688087,英科再生,1,1.688087,2022-09-02,37.14,37.23,37.60,37.02,5869,31036450.00,1.56,0.24,0.09,0.85,2,1098,15.05
688087,英科再生,1,1.688087,2022-09-05,37.54,37.05,37.54,35.77,8190,42598514.00,4.75,-0.48,-0.18,1.19,2,1098,15.05
688087,英科再生,1,1.688087,2022-09-06,36.83,36.86,37.35,36.53,3901,20353450.00,2.21,-0.51,-0.19,0.57,2,1098,15.05
688087,英科再生,1,1.688087,2022-09-07,36.61,36.46,36.85,36.08,4553,23510641.00,2.09,-1.09,-0.40,0.66,2,1098,15.05
688087,英科再生,1,1.688087,2022-09-08,36.46,35.71,36.65,35.61,4513,23046503.00,2.85,-2.06,-0.75,0.65,2,1098,15.05
688087,英科再生,1,1.688087,2022-09-09,35.79,35.58,35.79,35.44,5952,30028325.00,0.98,-0.36,-0.13,0.86,2,1098,15.05
688087,英科再生,1,1.688087,2022-09-13,35.58,35.36,35.74,35.28,4392,22077264.00,1.29,-0.62,-0.22,0.64,2,1098,15.05
688087,英科再生,1,1.688087,2022-09-14,35.09,35.01,35.09,34.66,3986,19727091.00,1.22,-0.99,-0.35,0.58,2,1098,15.05
688087,英科再生,1,1.688087,2022-09-15,34.97,33.90,35.29,33.58,5603,27249224.00,4.88,-3.17,-1.11,0.81,2,1098,15.05
688087,英科再生,1,1.688087,2022-09-16,33.90,33.66,33.96,33.58,2940,14092166.00,1.12,-0.71,-0.24,0.43,2,1098,15.05
688087,英科再生,1,1.688087,2022-09-19,33.71,33.18,33.79,32.64,3692,17389543.00,3.42,-1.43,-0.48,0.54,2,1098,15.05
688087,英科再生,1,1.688087,2022-09-20,32.85,32.87,33.61,32.79,2299,10791961.00,2.47,-0.93,-0.31,0.33,2,1098,15.05
688087,英科再生,1,1.688087,2022-09-21,32.87,33.10,33.19,32.09,3571,16504259.00,3.35,0.70,0.23,0.52,2,1098,15.05
688087,英科再生,1,1.688087,2022-09-22,33.08,32.49,33.08,32.04,5402,24913984.00,3.14,-1.84,-0.61,0.78,2,1098,15.05
688087,英科再生,1,1.688087,2022-09-23,32.36,31.75,32.36,31.69,3549,16120521.00,2.06,-2.28,-0.74,0.51,2,1098,15.05
688087,英科再生,1,1.688087,2022-09-26,31.31,30.73,32.14,30.72,4193,18631341.00,4.47,-3.21,-1.02,0.61,2,1098,15.05
688087,英科再生,1,1.688087,2022-09-27,30.64,31.09,31.25,30.36,6162,27004660.00,2.90,1.17,0.36,0.89,2,1098,15.05
688087,英科再生,1,1.688087,2022-09-28,31.29,30.29,31.30,30.24,2953,12917557.00,3.41,-2.57,-0.80,0.43,2,1098,15.05
688087,英科再生,1,1.688087,2022-09-29,30.60,30.49,31.09,30.29,3594,15642258.00,2.64,0.66,0.20,0.52,2,1098,15.05
688087,英科再生,1,1.688087,2022-09-30,30.61,31.27,31.59,30.02,4259,18766094.00,5.15,2.56,0.78,0.62,2,1098,15.05
688087,英科再生,1,1.688087,2022-10-10,31.44,30.08,31.44,29.96,3375,14682309.00,4.73,-3.81,-1.19,0.49,2,1098,15.05
688087,英科再生,1,1.688087,2022-10-11,30.02,29.19,30.39,28.79,4598,19170254.00,5.32,-2.96,-0.89,0.67,2,1098,15.05
688087,英科再生,1,1.688087,2022-10-12,29.19,30.22,30.44,28.84,3282,13770473.00,5.48,3.53,1.03,0.48,2,1098,15.05
688087,英科再生,1,1.688087,2022-10-13,29.66,31.08,31.84,29.59,6072,26960286.00,7.45,2.85,0.86,0.88,2,1098,15.05
688087,英科再生,1,1.688087,2022-10-14,30.99,31.29,32.02,30.87,10486,46804217.00,3.70,0.68,0.21,1.52,2,1098,15.05
688087,英科再生,1,1.688087,2022-10-17,31.29,32.54,32.97,31.22,12894,58684728.00,5.59,3.99,1.25,1.87,2,1098,15.05
688087,英科再生,1,1.688087,2022-10-18,32.54,31.35,32.58,30.79,15564,70085889.00,5.50,-3.66,-1.19,2.26,2,1098,15.05
688087,英科再生,1,1.688087,2022-10-19,31.30,30.31,31.50,30.18,12661,55781885.00,4.21,-3.32,-1.04,1.84,2,1098,15.05
688087,英科再生,1,1.688087,2022-10-20,30.76,29.81,30.77,29.40,12527,53484062.00,4.52,-1.65,-0.50,1.82,2,1098,15.05
688087,英科再生,1,1.688087,2022-10-21,30.19,32.29,32.51,29.54,19856,88371592.00,9.96,8.32,2.48,2.88,2,1098,15.05
688087,英科再生,1,1.688087,2022-10-24,32.13,32.96,34.86,31.65,30481,144365571.00,9.94,2.07,0.67,4.42,2,1098,15.05
688087,英科再生,1,1.688087,2022-10-25,32.96,31.64,33.39,31.55,20610,93847412.00,5.58,-4.00,-1.32,2.99,2,1098,15.05
688087,英科再生,1,1.688087,2022-10-26,31.76,31.95,32.49,31.33,14400,65447993.00,3.67,0.98,0.31,2.09,2,1098,15.05
688087,英科再生,1,1.688087,2022-10-27,31.96,31.34,32.32,31.14,12330,55320237.00,3.69,-1.91,-0.61,1.79,2,1098,15.05
688087,英科再生,1,1.688087,2022-10-28,31.12,29.10,31.12,29.04,20370,86773305.00,6.64,-7.15,-2.24,2.95,2,1098,15.05
688087,英科再生,1,1.688087,2022-10-31,27.28,26.51,27.91,26.22,23550,90611537.00,5.81,-8.90,-2.59,3.41,2,1098,15.05
688087,英科再生,1,1.688087,2022-11-01,26.76,27.04,27.29,25.99,20031,75794011.00,4.90,2.00,0.53,2.90,2,1098,15.05
688087,英科再生,1,1.688087,2022-11-02,27.06,28.00,28.41,26.79,17435,68894281.00,5.99,3.55,0.96,2.53,2,1098,15.05
688087,英科再生,1,1.688087,2022-11-03,27.84,27.65,28.16,27.56,9208,36417778.00,2.14,-1.25,-0.35,1.34,2,1098,15.05
688087,英科再生,1,1.688087,2022-11-04,27.94,29.21,29.99,27.39,17068,70715329.00,9.40,5.64,1.56,2.47,2,1098,15.05
688087,英科再生,1,1.688087,2022-11-07,29.20,29.06,29.61,28.64,12918,53367329.00,3.32,-0.51,-0.15,1.87,2,1098,15.05
688087,英科再生,1,1.688087,2022-11-08,29.06,28.77,29.35,28.12,8296,33807209.00,4.23,-1.00,-0.29,1.20,2,1098,15.05
688087,英科再生,1,1.688087,2022-11-09,28.92,28.79,29.11,28.56,6940,28482451.00,1.91,0.07,0.02,1.01,2,1098,15.05
688087,英科再生,1,1.688087,2022-11-10,28.62,27.91,28.73,27.85,9936,39900852.00,3.06,-3.06,-0.88,1.44,2,1098,15.05
688087,英科再生,1,1.688087,2022-11-11,28.79,28.16,28.92,28.09,9473,38424026.00,2.97,0.90,0.25,1.37,2,1098,15.05
688087,英科再生,1,1.688087,2022-11-14,28.44,28.07,28.70,27.99,6012,24222434.00,2.52,-0.32,-0.09,0.87,2,1098,15.05
688087,英科再生,1,1.688087,2022-11-15,28.09,28.86,28.92,27.82,12624,51433303.00,3.92,2.81,0.79,1.83,2,1098,15.05
688087,英科再生,1,1.688087,2022-11-16,28.86,29.11,29.86,28.72,11410,47520166.00,3.95,0.87,0.25,1.65,2,1098,15.05
688087,英科再生,1,1.688087,2022-11-17,28.89,28.62,28.89,28.09,8648,35034150.00,2.75,-1.68,-0.49,1.25,2,1098,15.05
688087,英科再生,1,1.688087,2022-11-18,28.62,28.11,28.69,27.98,8224,33215524.00,2.48,-1.78,-0.51,1.19,2,1098,15.05
688087,英科再生,1,1.688087,2022-11-21,28.03,28.56,28.68,27.63,7326,29350193.00,3.74,1.60,0.45,1.06,2,1098,15.05
688087,英科再生,1,1.688087,2022-11-22,28.51,27.61,28.69,27.58,7873,31469929.00,3.89,-3.33,-0.95,1.14,2,1098,15.05
688087,英科再生,1,1.688087,2022-11-23,27.60,27.30,27.84,27.05,6458,25188993.00,2.86,-1.12,-0.31,0.94,2,1098,15.05
688087,英科再生,1,1.688087,2022-11-24,27.48,27.97,28.29,27.35,5804,22996203.00,3.44,2.45,0.67,0.84,2,1098,15.05
688087,英科再生,1,1.688087,2022-11-25,27.91,27.37,28.33,27.26,5346,21095609.00,3.83,-2.15,-0.60,0.78,2,1098,15.05
688087,英科再生,1,1.688087,2022-11-28,27.10,27.26,27.38,26.78,7283,28045998.00,2.19,-0.40,-0.11,1.06,2,1098,15.05
688087,英科再生,1,1.688087,2022-11-29,27.40,28.13,28.14,27.36,7937,31468579.00,2.86,3.19,0.87,1.15,2,1098,15.05
688087,英科再生,1,1.688087,2022-11-30,28.21,27.64,28.43,27.56,5313,21112561.00,3.09,-1.74,-0.49,0.77,2,1098,15.05
688087,英科再生,1,1.688087,2022-12-01,27.97,28.01,28.56,27.85,9964,39944779.00,2.57,1.34,0.37,1.44,2,1098,15.05
688087,英科再生,1,1.688087,2022-12-02,28.22,28.29,28.58,27.94,9402,37909527.00,2.28,1.00,0.28,1.36,2,1098,15.05
688087,英科再生,1,1.688087,2022-12-05,28.33,28.77,29.15,28.32,8624,35144998.00,2.93,1.70,0.48,1.25,2,1098,15.05
688087,英科再生,1,1.688087,2022-12-06,28.79,28.52,29.04,28.45,6526,26663923.00,2.05,-0.87,-0.25,0.95,2,1098,15.05
688087,英科再生,1,1.688087,2022-12-07,28.46,28.52,28.79,28.29,6615,26919605.00,1.75,0.00,0.00,0.96,2,1098,15.05
688087,英科再生,1,1.688087,2022-12-08,28.55,28.12,28.55,28.05,5240,21074901.00,1.75,-1.40,-0.40,0.76,2,1098,15.05
688087,英科再生,1,1.688087,2022-12-09,28.29,28.19,28.65,27.92,6007,24147868.00,2.60,0.25,0.07,0.87,2,1098,15.05
688087,英科再生,1,1.688087,2022-12-12,28.14,27.81,28.35,27.76,4917,19562499.00,2.09,-1.35,-0.38,0.71,2,1098,15.05
688087,英科再生,1,1.688087,2022-12-13,27.81,27.50,27.88,27.45,4787,18875722.00,1.55,-1.11,-0.31,0.69,2,1098,15.05
688087,英科再生,1,1.688087,2022-12-14,27.76,27.68,28.29,27.50,7450,29504354.00,2.87,0.65,0.18,1.08,2,1098,15.05
688087,英科再生,1,1.688087,2022-12-15,27.79,27.65,27.79,27.51,3359,13244137.00,1.01,-0.11,-0.03,0.49,2,1098,15.05
688087,英科再生,1,1.688087,2022-12-16,27.65,26.68,27.74,26.66,9422,36206793.00,3.91,-3.51,-0.97,1.37,2,1098,15.05
688087,英科再生,1,1.688087,2022-12-19,26.69,25.31,26.72,25.09,13227,48418913.00,6.11,-5.13,-1.37,1.92,2,1098,15.05
688087,英科再生,1,1.688087,2022-12-20,25.32,25.34,25.43,25.03,4336,15583362.00,1.58,0.12,0.03,0.63,2,1098,15.05
688087,英科再生,1,1.688087,2022-12-21,25.50,24.79,25.54,24.74,4678,16730521.00,3.16,-2.17,-0.55,0.68,2,1098,15.05
688087,英科再生,1,1.688087,2022-12-22,25.14,23.98,25.14,23.89,8856,30825526.00,5.04,-3.27,-0.81,1.28,2,1098,15.05
688087,英科再生,1,1.688087,2022-12-23,23.98,23.58,24.06,23.39,6794,23027455.00,2.79,-1.67,-0.40,0.99,2,1098,15.05
688087,英科再生,1,1.688087,2022-12-26,23.86,24.50,24.62,23.60,9193,31996013.00,4.33,3.90,0.92,1.33,2,1098,15.05
688087,英科再生,1,1.688087,2022-12-27,24.50,24.66,24.90,24.25,6344,22257840.00,2.65,0.65,0.16,0.92,2,1098,15.05
688087,英科再生,1,1.688087,2022-12-28,24.62,24.53,24.62,24.15,4735,16474702.00,1.91,-0.53,-0.13,0.69,2,1098,15.05
688087,英科再生,1,1.688087,2022-12-29,24.41,24.71,24.76,24.19,5579,19574718.00,2.32,0.73,0.18,0.81,2,1098,15.05
688087,英科再生,1,1.688087,2022-12-30,24.61,24.33,24.86,24.22,4699,16409330.00,2.59,-1.54,-0.38,0.68,2,1098,15.05
688087,英科再生,1,1.688087,2023-01-03,24.38,25.49,25.92,24.34,8218,29620547.00,6.49,4.77,1.16,1.19,2,1098,15.05
688087,英科再生,1,1.688087,2023-01-04,25.49,26.76,27.15,25.41,19014,72169852.00,6.83,4.98,1.27,2.75,2,1098,15.05
688087,英科再生,1,1.688087,2023-01-05,26.89,26.95,27.19,26.41,8053,30823819.00,2.91,0.71,0.19,1.17,2,1098,15.05
688087,英科再生,1,1.688087,2023-01-06,26.96,27.12,27.95,26.90,11854,46359145.00,3.90,0.63,0.17,1.72,2,1098,15.05
688087,英科再生,1,1.688087,2023-01-09,27.08,27.10,27.37,26.83,4375,16957703.00,1.99,-0.07,-0.02,0.63,2,1098,15.05
688087,英科再生,1,1.688087,2023-01-10,27.10,27.22,27.59,26.91,4791,18636722.00,2.51,0.44,0.12,0.69,2,1098,15.05
688087,英科再生,1,1.688087,2023-01-11,27.44,27.40,28.21,26.96,9999,39360779.00,4.59,0.66,0.18,1.45,2,1098,15.05
688087,英科再生,1,1.688087,2023-01-12,27.23,27.17,27.45,27.05,5279,20503454.00,1.46,-0.84,-0.23,0.76,2,1098,15.05
688087,英科再生,1,1.688087,2023-01-13,27.31,27.19,27.37,26.72,3900,15030167.00,2.39,0.07,0.02,0.56,2,1098,15.05
688087,英科再生,1,1.688087,2023-01-16,27.36,27.93,28.24,26.93,13307,53016535.00,4.82,2.72,0.74,1.93,2,1098,15.05
688087,英科再生,1,1.688087,2023-01-17,27.94,27.64,28.71,27.34,14618,58091662.00,4.91,-1.04,-0.29,2.12,2,1098,15.05
688087,英科再生,1,1.688087,2023-01-18,27.64,28.15,28.86,27.48,16255,65497526.00,4.99,1.85,0.51,2.35,2,1098,15.05
688087,英科再生,1,1.688087,2023-01-19,28.08,27.54,28.29,27.30,13456,52851248.00,3.52,-2.17,-0.61,1.95,2,1098,15.05
688087,英科再生,1,1.688087,2023-01-20,27.54,28.70,28.70,27.39,16017,64463631.00,4.76,4.21,1.16,2.32,2,1098,15.05
688087,英科再生,1,1.688087,2023-01-30,28.50,28.13,29.20,27.76,18622,74822374.00,5.02,-1.99,-0.57,2.70,2,1098,15.05
688087,英科再生,1,1.688087,2023-01-31,28.12,27.64,28.12,27.29,12860,50560966.00,2.95,-1.74,-0.49,1.86,2,1098,15.05
688087,英科再生,1,1.688087,2023-02-01,27.75,29.46,29.94,27.51,21120,87158163.00,8.79,6.58,1.82,3.06,2,1098,15.05
688087,英科再生,1,1.688087,2023-02-02,29.48,29.04,29.55,28.86,12341,51118397.00,2.34,-1.43,-0.42,1.79,2,1098,15.05
688087,英科再生,1,1.688087,2023-02-03,29.04,28.92,29.22,28.66,6977,28675227.00,1.93,-0.41,-0.12,1.01,2,1098,15.05
688087,英科再生,1,1.688087,2023-02-06,28.63,28.88,29.62,28.53,9905,41063300.00,3.77,-0.14,-0.04,1.43,2,1098,15.05
688087,英科再生,1,1.688087,2023-02-07,28.80,29.82,29.82,28.58,13450,56196136.00,4.29,3.25,0.94,1.95,2,1098,15.05
688087,英科再生,1,1.688087,2023-02-08,29.86,29.22,30.01,29.15,10049,42076651.00,2.88,-2.01,-0.60,1.46,2,1098,15.05
688087,英科再生,1,1.688087,2023-02-09,29.22,29.50,30.21,28.88,11901,50304282.00,4.55,0.96,0.28,1.72,2,1098,15.05
688087,英科再生,1,1.688087,2023-02-10,29.63,29.00,29.79,28.92,12070,50208123.00,2.95,-1.69,-0.50,1.75,2,1098,15.05
688087,英科再生,1,1.688087,2023-02-13,29.22,29.51,29.85,28.61,10839,45091622.00,4.28,1.76,0.51,1.57,2,1098,15.05
688087,英科再生,1,1.688087,2023-02-14,29.36,31.29,31.89,29.36,23898,105249744.00,8.57,6.03,1.78,3.46,2,1098,15.05
688087,英科再生,1,1.688087,2023-02-15,31.57,31.43,31.79,30.79,13242,58751222.00,3.20,0.45,0.14,1.92,2,1098,15.05
688087,英科再生,1,1.688087,2023-02-16,31.08,30.14,31.71,30.01,23051,100787736.00,5.41,-4.10,-1.29,3.34,2,1098,15.05
688087,英科再生,1,1.688087,2023-02-17,30.54,29.74,30.57,29.56,8323,35447471.00,3.35,-1.33,-0.40,1.21,2,1098,15.05
688087,英科再生,1,1.688087,2023-02-20,29.94,29.40,29.94,28.67,13061,54117540.00,4.27,-1.14,-0.34,1.89,2,1098,15.05
688087,英科再生,1,1.688087,2023-02-21,29.51,29.29,30.21,29.01,6699,28091210.00,4.08,-0.37,-0.11,0.97,2,1098,15.05
688087,英科再生,1,1.688087,2023-02-22,29.29,31.00,31.96,29.23,26949,118555286.00,9.32,5.84,1.71,3.90,2,1098,15.05
688087,英科再生,1,1.688087,2023-02-23,31.08,31.78,32.36,30.53,20474,91887586.00,5.90,2.52,0.78,2.97,2,1098,15.05
688087,英科再生,1,1.688087,2023-02-24,32.29,31.57,32.29,30.72,13655,60808118.00,4.94,-0.66,-0.21,1.98,2,1098,15.05
688087,英科再生,1,1.688087,2023-02-27,30.94,30.74,31.41,30.46,11083,48648786.00,3.01,-2.63,-0.83,1.61,2,1098,15.05
688087,英科再生,1,1.688087,2023-02-28,31.09,30.58,31.10,30.08,5826,25232380.00,3.32,-0.52,-0.16,0.84,2,1098,15.05
688087,英科再生,1,1.688087,2023-03-01,30.68,30.29,30.68,30.23,6635,28680863.00,1.47,-0.95,-0.29,0.96,2,1098,15.05
688087,英科再生,1,1.688087,2023-03-02,30.36,29.91,31.21,29.66,10731,46239379.00,5.12,-1.25,-0.38,1.55,2,1098,15.05
688087,英科再生,1,1.688087,2023-03-03,29.73,29.64,30.09,29.41,6307,26587953.00,2.27,-0.90,-0.27,0.91,2,1098,15.05
688087,英科再生,1,1.688087,2023-03-06,29.74,30.98,31.28,29.56,13354,58467701.00,5.80,4.52,1.34,1.93,2,1098,15.05
688087,英科再生,1,1.688087,2023-03-07,30.98,29.80,31.21,29.72,12813,54950777.00,4.81,-3.81,-1.18,1.86,2,1098,15.05
688087,英科再生,1,1.688087,2023-03-08,29.70,30.51,30.65,29.68,9965,42815198.00,3.26,2.38,0.71,1.44,2,1098,15.05
688087,英科再生,1,1.688087,2023-03-09,30.52,31.94,32.34,30.39,17110,77240610.00,6.39,4.69,1.43,2.39,2,1098,15.05
688087,英科再生,1,1.688087,2023-03-10,31.98,31.43,32.13,31.14,11247,50504901.00,3.10,-1.60,-0.51,1.57,2,1098,15.05
688087,英科再生,1,1.688087,2023-03-13,30.99,30.36,31.58,30.09,10185,44116667.00,4.74,-3.40,-1.07,1.43,2,1098,15.05
688087,英科再生,1,1.688087,2023-03-14,30.36,30.24,30.65,29.52,7240,30904603.00,3.72,-0.40,-0.12,1.01,2,1098,15.05
688087,英科再生,1,1.688087,2023-03-15,30.24,29.94,30.81,29.83,5485,23591346.00,3.24,-0.99,-0.30,0.77,2,1098,15.05
688087,英科再生,1,1.688087,2023-03-16,30.00,28.56,30.01,28.44,8921,36950509.00,5.24,-4.61,-1.38,1.25,2,1098,15.05
688087,英科再生,1,1.688087,2023-03-17,28.79,28.56,28.99,28.16,4953,20256715.00,2.91,0.00,0.00,0.69,2,1098,15.05
688087,英科再生,1,1.688087,2023-03-20,28.52,28.86,29.11,27.12,13392,53416743.00,6.97,1.05,0.30,1.87,2,1098,15.05
688087,英科再生,1,1.688087,2023-03-21,29.07,29.64,30.14,28.64,9610,40404025.00,5.20,2.70,0.78,1.34,2,1098,15.05
688087,英科再生,1,1.688087,2023-03-22,29.86,29.59,30.36,29.29,5855,24837035.00,3.61,-0.17,-0.05,0.82,2,1098,15.05
688087,英科再生,1,1.688087,2023-03-23,29.86,29.83,29.91,29.36,3917,16525025.00,1.86,0.81,0.24,0.55,2,1098,15.05
688087,英科再生,1,1.688087,2023-03-24,29.60,29.28,30.07,29.19,4292,18063259.00,2.95,-1.84,-0.55,0.60,2,1098,15.05
688087,英科再生,1,1.688087,2023-03-27,29.51,28.86,29.53,28.79,3216,13286319.00,2.53,-1.43,-0.42,0.45,2,1098,15.05
688087,英科再生,1,1.688087,2023-03-28,29.16,28.79,29.41,27.87,8513,34669300.00,5.34,-0.24,-0.07,1.19,2,1098,15.05
688087,英科再生,1,1.688087,2023-03-29,28.79,28.36,28.90,28.24,3939,16001330.00,2.29,-1.49,-0.43,0.55,2,1098,15.05
688087,英科再生,1,1.688087,2023-03-30,28.37,28.85,29.49,28.16,6138,25295406.00,4.69,1.73,0.49,0.86,2,1098,15.05
688087,英科再生,1,1.688087,2023-03-31,28.94,29.23,29.65,28.85,3658,15187370.00,2.77,1.32,0.38,0.51,2,1098,15.05
688087,英科再生,1,1.688087,2023-04-03,29.08,28.79,29.40,28.71,3705,15270844.00,2.36,-1.51,-0.44,0.52,2,1098,15.05
688087,英科再生,1,1.688087,2023-04-04,28.79,27.36,28.79,26.73,21646,84759173.00,7.16,-4.97,-1.43,3.03,2,1098,15.05
688087,英科再生,1,1.688087,2023-04-06,27.22,27.27,27.47,26.92,5717,22202525.00,2.01,-0.33,-0.09,0.80,2,1098,15.05
688087,英科再生,1,1.688087,2023-04-07,27.29,27.71,27.91,27.14,4711,18565404.00,2.82,1.61,0.44,0.66,2,1098,15.05
688087,英科再生,1,1.688087,2023-04-10,27.66,27.24,28.00,27.24,3922,15332344.00,2.74,-1.70,-0.47,0.55,2,1098,15.05
688087,英科再生,1,1.688087,2023-04-11,27.24,26.59,27.24,26.31,9996,37942950.00,3.41,-2.39,-0.65,1.40,2,1098,15.05
688087,英科再生,1,1.688087,2023-04-12,26.76,27.42,27.64,26.57,11459,44156125.00,4.02,3.12,0.83,1.60,2,1098,15.05
688087,英科再生,1,1.688087,2023-04-13,27.42,26.77,27.59,26.51,5483,21037928.00,3.94,-2.37,-0.65,0.77,2,1098,15.05
688087,英科再生,1,1.688087,2023-04-14,27.04,27.23,27.70,26.87,5429,21243581.00,3.10,1.72,0.46,0.76,2,1098,15.05
688087,英科再生,1,1.688087,2023-04-17,27.23,27.39,27.91,27.08,4337,16956859.00,3.05,0.59,0.16,0.61,2,1098,15.05
688087,英科再生,1,1.688087,2023-04-18,27.37,27.47,27.56,27.27,2142,8373026.00,1.06,0.29,0.08,0.30,2,1098,15.05
688087,英科再生,1,1.688087,2023-04-19,27.61,26.66,27.61,26.37,7526,28683999.00,4.51,-2.95,-0.81,1.05,2,1098,15.05
688087,英科再生,1,1.688087,2023-04-20,26.51,26.10,26.85,25.94,4502,16818641.00,3.41,-2.10,-0.56,0.63,2,1098,15.05
688087,英科再生,1,1.688087,2023-04-21,26.32,25.46,26.32,25.38,4439,16278576.00,3.60,-2.45,-0.64,0.62,2,1098,15.05
688087,英科再生,1,1.688087,2023-04-24,25.46,25.40,25.79,25.05,3206,11614569.00,2.91,-0.24,-0.06,0.45,2,1098,15.05
688087,英科再生,1,1.688087,2023-04-25,25.29,24.43,25.51,24.19,6689,23488877.00,5.20,-3.82,-0.97,0.94,2,1098,15.05
688087,英科再生,1,1.688087,2023-04-26,24.30,26.13,26.93,24.30,11421,42485349.00,10.77,6.96,1.70,1.60,2,1098,15.05
688087,英科再生,1,1.688087,2023-04-27,25.94,25.49,26.46,25.37,4562,16727380.00,4.17,-2.45,-0.64,0.64,2,1098,15.05
688087,英科再生,1,1.688087,2023-04-28,25.16,25.55,25.67,24.47,11925,43009461.00,4.71,0.24,0.06,1.67,2,1098,15.05
688087,英科再生,1,1.688087,2023-05-04,25.46,24.70,25.90,24.51,6114,21892102.00,5.44,-3.33,-0.85,0.86,2,1098,15.05
688087,英科再生,1,1.688087,2023-05-05,24.69,23.97,24.72,23.94,7408,25610725.00,3.16,-2.96,-0.73,1.04,2,1098,15.05
688087,英科再生,1,1.688087,2023-05-08,24.39,23.81,24.66,23.53,6371,21825041.00,4.71,-0.67,-0.16,0.89,2,1098,15.05
688087,英科再生,1,1.688087,2023-05-09,23.81,22.97,23.89,22.89,10364,34544314.00,4.20,-3.53,-0.84,1.45,2,1098,15.05
688087,英科再生,1,1.688087,2023-05-10,22.81,23.33,24.01,22.73,7675,25825567.00,5.57,1.57,0.36,1.07,2,1098,15.05
688087,英科再生,1,1.688087,2023-05-11,23.44,23.57,23.90,23.19,5248,17669606.00,3.04,1.03,0.24,0.73,2,1098,15.05
688087,英科再生,1,1.688087,2023-05-12,23.57,22.65,23.62,22.58,8829,28860878.00,4.41,-3.90,-0.92,1.24,2,1098,15.05
688087,英科再生,1,1.688087,2023-05-15,22.54,22.90,22.97,22.54,4250,13857021.00,1.90,1.10,0.25,0.59,2,1098,15.05
688087,英科再生,1,1.688087,2023-05-16,22.76,22.61,23.04,22.53,6316,20484664.00,2.23,-1.27,-0.29,0.88,2,1098,15.05
688087,英科再生,1,1.688087,2023-05-17,22.54,22.96,22.99,22.54,4411,14424527.00,1.99,1.55,0.35,0.62,2,1098,15.05
688087,英科再生,1,1.688087,2023-05-18,22.96,22.79,23.19,22.64,6630,21600747.00,2.40,-0.74,-0.17,0.93,2,1098,15.05
688087,英科再生,1,1.688087,2023-05-19,22.77,22.92,23.36,22.72,13551,44603474.00,2.81,0.57,0.13,1.90,2,1098,15.05
688087,英科再生,1,1.688087,2023-05-22,22.80,23.29,23.41,22.65,9481,31390976.00,3.32,1.61,0.37,1.33,2,1098,15.05
688087,英科再生,1,1.688087,2023-05-23,23.26,23.55,23.94,23.15,13631,46134390.00,3.39,1.12,0.26,1.91,2,1098,15.05
688087,英科再生,1,1.688087,2023-05-24,23.75,23.39,23.80,23.11,11459,38467366.00,2.93,-0.68,-0.16,1.60,2,1098,15.05
688087,英科再生,1,1.688087,2023-05-25,23.22,23.12,23.41,22.94,5703,18844586.00,2.01,-1.15,-0.27,0.80,2,1098,15.05
688087,英科再生,1,1.688087,2023-05-26,23.11,23.16,23.34,22.81,6070,20039416.00,2.29,0.17,0.04,0.85,2,1098,15.05
688087,英科再生,1,1.688087,2023-05-29,23.31,22.44,23.31,22.34,13613,44116399.00,4.19,-3.11,-0.72,1.90,2,1098,15.05
688087,英科再生,1,1.688087,2023-05-30,22.64,22.72,22.74,21.99,10638,34086380.00,3.34,1.25,0.28,1.49,2,1098,15.05
688087,英科再生,1,1.688087,2023-05-31,22.84,22.28,22.84,22.09,7572,24163852.00,3.30,-1.94,-0.44,1.06,2,1098,15.05
688087,英科再生,1,1.688087,2023-06-01,22.08,22.16,22.51,21.86,8136,25900287.00,2.92,-0.54,-0.12,1.14,2,1098,15.05
688087,英科再生,1,1.688087,2023-06-02,22.21,22.79,22.79,22.11,13019,41983112.00,3.07,2.84,0.63,1.82,2,1098,15.05
688087,英科再生,1,1.688087,2023-06-05,22.71,22.44,22.73,22.11,9971,31834392.00,2.72,-1.54,-0.35,1.40,2,1098,15.05
688087,英科再生,1,1.688087,2023-06-06,22.49,21.76,22.49,21.68,8298,26167368.00,3.61,-3.03,-0.68,1.16,2,1098,15.05
688087,英科再生,1,1.688087,2023-06-07,21.78,21.64,22.11,21.51,5010,15563143.00,2.76,-0.55,-0.12,0.70,2,1098,15.05
688087,英科再生,1,1.688087,2023-06-08,21.64,21.39,21.83,21.15,10289,31522619.00,3.14,-1.16,-0.25,1.44,2,1098,15.05
688087,英科再生,1,1.688087,2023-06-09,21.53,21.36,21.62,20.90,9732,29554864.00,3.37,-0.14,-0.03,1.36,2,1098,15.05
688087,英科再生,1,1.688087,2023-06-12,21.41,21.37,21.50,20.90,12191,37073145.00,2.81,0.05,0.01,1.71,2,1098,15.05
688087,英科再生,1,1.688087,2023-06-13,21.26,21.91,22.01,21.26,6857,21352193.00,3.51,2.53,0.54,0.96,2,1098,15.05
688087,英科再生,1,1.688087,2023-06-14,22.06,21.66,22.06,21.38,7946,24576050.00,3.10,-1.14,-0.25,1.11,2,1098,15.05
688087,英科再生,1,1.688087,2023-06-15,21.38,21.90,22.21,21.36,10564,33028475.00,3.92,1.11,0.24,1.48,2,1098,15.05
688087,英科再生,1,1.688087,2023-06-16,21.91,22.03,22.24,21.43,13611,30118207.00,3.70,0.59,0.13,1.36,2,1098,15.05
688087,英科再生,1,1.688087,2023-06-19,22.04,22.04,22.25,21.80,12551,28075760.00,2.04,0.05,0.01,1.25,2,1098,15.05
688087,英科再生,1,1.688087,2023-06-20,21.97,22.80,23.13,21.76,19629,45036378.00,6.22,3.45,0.76,1.96,2,1098,15.05
688087,英科再生,1,1.688087,2023-06-21,22.64,22.40,22.85,21.94,18514,42150715.00,3.99,-1.75,-0.40,1.85,2,1098,15.05
688087,英科再生,1,1.688087,2023-06-26,22.34,22.52,22.65,21.71,14688,33275603.00,4.20,0.54,0.12,1.47,2,1098,15.05
688087,英科再生,1,1.688087,2023-06-27,22.49,22.21,22.55,22.10,8816,19913322.00,2.00,-1.38,-0.31,0.88,2,1098,15.05
688087,英科再生,1,1.688087,2023-06-28,22.10,22.36,22.73,21.78,10126,22785777.00,4.28,0.68,0.15,1.01,2,1098,15.05
688087,英科再生,1,1.688087,2023-06-29,22.22,22.71,22.97,22.04,8725,20122120.00,4.16,1.57,0.35,0.87,2,1098,15.05
688087,英科再生,1,1.688087,2023-06-30,22.81,23.46,23.94,22.49,16092,38254893.00,6.38,3.30,0.75,1.61,2,1098,15.05
688087,英科再生,1,1.688087,2023-07-03,23.53,23.37,23.85,23.17,10681,25422539.00,2.90,-0.38,-0.09,1.07,2,1098,15.05
688087,英科再生,1,1.688087,2023-07-04,23.59,23.58,23.88,23.16,5620,13419286.00,3.08,0.90,0.21,0.56,2,1098,15.05
688087,英科再生,1,1.688087,2023-07-05,23.61,23.28,23.82,23.25,4732,11256837.00,2.42,-1.27,-0.30,0.47,2,1098,15.05
688087,英科再生,1,1.688087,2023-07-06,23.10,23.35,23.53,23.00,6236,14720633.00,2.28,0.30,0.07,0.62,2,1098,15.05
688087,英科再生,1,1.688087,2023-07-07,23.39,23.54,23.75,22.96,7348,17521837.00,3.38,0.81,0.19,0.73,2,1098,15.05
688087,英科再生,1,1.688087,2023-07-10,23.65,23.70,24.22,23.28,7319,17608912.00,3.99,0.68,0.16,0.71,2,1098,15.05
688087,英科再生,1,1.688087,2023-07-11,23.70,23.73,23.90,23.44,4667,11204198.00,1.94,0.13,0.03,0.46,2,1098,15.05
688087,英科再生,1,1.688087,2023-07-12,23.68,23.37,23.72,23.30,4262,10156176.00,1.77,-1.52,-0.36,0.42,2,1098,15.05
688087,英科再生,1,1.688087,2023-07-13,23.57,23.45,23.74,23.40,3368,8055359.00,1.45,0.34,0.08,0.33,2,1098,15.05
688087,英科再生,1,1.688087,2023-07-14,23.45,23.10,23.52,23.00,4762,11212385.00,2.22,-1.49,-0.35,0.47,2,1098,15.05
688087,英科再生,1,1.688087,2023-07-17,23.10,22.95,23.39,22.65,6288,14595283.00,3.20,-0.65,-0.15,0.61,2,1098,15.05
688087,英科再生,1,1.688087,2023-07-18,22.95,22.91,23.14,22.76,2549,5931538.00,1.66,-0.17,-0.04,0.25,2,1098,15.05
688087,英科再生,1,1.688087,2023-07-19,22.91,22.76,23.31,22.62,4960,11536839.00,3.01,-0.65,-0.15,0.48,2,1098,15.05
688087,英科再生,1,1.688087,2023-07-20,22.77,22.32,22.92,22.05,16456,37465216.00,3.82,-1.93,-0.44,1.61,2,1098,15.05
688087,英科再生,1,1.688087,2023-07-21,22.32,21.91,22.50,21.67,11971,26757213.00,3.72,-1.84,-0.41,1.17,2,1098,15.05
688087,英科再生,1,1.688087,2023-07-24,21.91,21.45,21.92,21.34,11340,24819483.00,2.65,-2.10,-0.46,1.11,2,1098,15.05
688087,英科再生,1,1.688087,2023-07-25,21.55,21.85,21.89,21.51,7305,16119619.00,1.77,1.86,0.40,0.71,2,1098,15.05
688087,英科再生,1,1.688087,2023-07-26,21.85,22.27,22.58,21.74,10800,24426590.00,3.84,1.92,0.42,1.05,2,1098,15.05
688087,英科再生,1,1.688087,2023-07-27,22.27,21.87,22.58,21.79,7154,16007637.00,3.55,-1.80,-0.40,0.70,2,1098,15.05
688087,英科再生,1,1.688087,2023-07-28,21.87,22.18,22.29,21.57,8306,18611931.00,3.29,1.42,0.31,0.81,2,1098,15.05
688087,英科再生,1,1.688087,2023-07-31,22.33,22.41,22.53,22.18,5772,13098011.00,1.58,1.04,0.23,0.56,2,1098,15.05
688087,英科再生,1,1.688087,2023-08-01,22.43,23.07,23.31,22.27,11914,27770200.00,4.64,2.95,0.66,1.16,2,1098,15.05
688087,英科再生,1,1.688087,2023-08-02,23.07,23.39,23.61,23.07,9103,21553847.00,2.34,1.39,0.32,0.89,2,1098,15.05
688087,英科再生,1,1.688087,2023-08-03,23.28,23.37,23.58,23.02,7726,18249193.00,2.39,-0.09,-0.02,0.75,2,1098,15.05
688087,英科再生,1,1.688087,2023-08-04,23.19,23.10,23.60,23.06,6438,15204064.00,2.31,-1.16,-0.27,0.63,2,1098,15.05
688087,英科再生,1,1.688087,2023-08-07,23.07,23.11,23.24,22.65,5897,13809396.00,2.55,0.04,0.01,0.58,2,1098,15.05
688087,英科再生,1,1.688087,2023-08-08,23.17,22.95,23.17,22.66,5428,12641769.00,2.21,-0.69,-0.16,0.53,2,1098,15.05
688087,英科再生,1,1.688087,2023-08-09,22.90,22.81,23.12,22.76,2864,6669135.00,1.57,-0.61,-0.14,0.28,2,1098,15.05
688087,英科再生,1,1.688087,2023-08-10,22.93,23.20,23.20,22.70,4299,10043109.00,2.19,1.71,0.39,0.42,2,1098,15.05
688087,英科再生,1,1.688087,2023-08-11,23.25,22.60,23.25,22.44,5133,11852434.00,3.49,-2.59,-0.60,0.50,2,1098,15.05
688087,英科再生,1,1.688087,2023-08-14,22.16,22.73,22.77,22.16,4962,11343580.00,2.70,0.58,0.13,0.48,2,1098,15.05
688087,英科再生,1,1.688087,2023-08-15,22.74,22.45,22.81,22.30,4591,10459285.00,2.24,-1.23,-0.28,0.45,2,1098,15.05
688087,英科再生,1,1.688087,2023-08-16,22.73,22.12,22.73,22.12,2922,6632794.00,2.72,-1.47,-0.33,0.29,2,1098,15.05
688087,英科再生,1,1.688087,2023-08-17,22.12,22.32,22.39,21.80,1905,4275799.00,2.67,0.90,0.20,0.19,2,1098,15.05
688087,英科再生,1,1.688087,2023-08-18,22.29,23.03,23.65,22.28,16843,39645694.00,6.14,3.18,0.71,1.65,2,1098,15.05
688087,英科再生,1,1.688087,2023-08-21,22.97,23.15,23.84,22.81,13552,32046093.00,4.47,0.52,0.12,1.32,2,1098,15.05
688087,英科再生,1,1.688087,2023-08-22,23.14,23.14,23.17,22.16,11330,26117496.00,4.36,-0.04,-0.01,1.11,2,1098,15.05
688087,英科再生,1,1.688087,2023-08-23,22.96,22.37,23.13,22.28,6817,15633555.00,3.67,-3.33,-0.77,0.67,2,1098,15.05
688087,英科再生,1,1.688087,2023-08-24,22.65,23.30,23.53,22.21,10038,23452712.00,5.90,4.16,0.93,0.98,2,1098,15.05
688087,英科再生,1,1.688087,2023-08-25,24.04,24.03,25.72,23.60,43804,109779649.00,9.10,3.13,0.73,4.28,2,1098,15.05
688087,英科再生,1,1.688087,2023-08-28,25.14,23.55,25.57,23.40,28171,69651987.00,9.03,-2.00,-0.48,2.75,2,1098,15.05
688087,英科再生,1,1.688087,2023-08-29,23.76,24.69,24.95,23.63,21540,53504165.00,5.61,4.84,1.14,2.10,2,1098,15.05
688087,英科再生,1,1.688087,2023-08-30,24.55,24.67,25.04,24.35,11422,28475315.00,2.79,-0.08,-0.02,1.12,2,1098,15.05
688087,英科再生,1,1.688087,2023-08-31,24.62,24.90,24.99,24.34,14304,35740679.00,2.63,0.93,0.23,1.40,2,1098,15.05
688087,英科再生,1,1.688087,2023-09-01,24.50,24.25,24.67,23.95,14435,35581470.00,2.89,-2.61,-0.65,1.41,2,1098,15.05
688087,英科再生,1,1.688087,2023-09-04,24.25,24.51,24.88,23.88,14679,36199872.00,4.12,1.07,0.26,1.43,2,1098,15.05
688087,英科再生,1,1.688087,2023-09-05,24.44,24.26,24.63,24.15,7105,17541120.00,1.96,-1.02,-0.25,0.69,2,1098,15.05
688087,英科再生,1,1.688087,2023-09-06,24.49,24.23,24.77,23.95,8568,21137902.00,3.38,-0.12,-0.03,0.84,2,1098,15.05
688087,英科再生,1,1.688087,2023-09-07,24.15,23.97,24.29,23.65,11498,27901942.00,2.64,-1.07,-0.26,1.12,2,1098,15.05
688087,英科再生,1,1.688087,2023-09-08,23.83,23.74,24.03,23.67,6735,16297818.00,1.50,-0.96,-0.23,0.66,2,1098,15.05
688087,英科再生,1,1.688087,2023-09-11,23.94,24.20,24.30,23.57,8920,21742342.00,3.07,1.94,0.46,0.87,2,1098,15.05
688087,英科再生,1,1.688087,2023-09-12,24.10,24.17,24.35,23.96,4983,12201290.00,1.61,-0.12,-0.03,0.49,2,1098,15.05
688087,英科再生,1,1.688087,2023-09-13,24.13,24.00,24.33,23.76,4728,11500812.00,2.36,-0.70,-0.17,0.46,2,1098,15.05
688087,英科再生,1,1.688087,2023-09-14,23.91,23.78,24.14,23.54,4608,11137520.00,2.50,-0.92,-0.22,0.45,2,1098,15.05
688087,英科再生,1,1.688087,2023-09-15,23.79,24.31,24.67,23.77,13577,33421408.00,3.78,2.23,0.53,1.33,2,1098,15.05
688087,英科再生,1,1.688087,2023-09-18,24.31,24.45,24.80,23.78,10805,26739375.00,4.20,0.58,0.14,1.06,2,1098,15.05
688087,英科再生,1,1.688087,2023-09-19,24.33,24.45,24.61,24.23,8655,21444150.00,1.55,0.00,0.00,0.85,2,1098,15.05
688087,英科再生,1,1.688087,2023-09-20,24.23,24.01,24.64,23.96,8012,19762693.00,2.78,-1.80,-0.44,0.78,2,1098,15.05
688087,英科再生,1,1.688087,2023-09-21,23.89,23.89,24.12,23.67,5022,12168192.00,1.87,-0.50,-0.12,0.49,2,1098,15.05
688087,英科再生,1,1.688087,2023-09-22,23.95,24.25,24.30,23.65,5417,13182817.00,2.72,1.51,0.36,0.53,2,1098,15.05
688087,英科再生,1,1.688087,2023-09-25,24.25,24.51,24.60,24.02,6795,16788423.00,2.39,1.07,0.26,0.66,2,1098,15.05
688087,英科再生,1,1.688087,2023-09-26,24.45,24.12,24.52,24.04,4955,12173391.00,1.96,-1.59,-0.39,0.48,2,1098,15.05
688087,英科再生,1,1.688087,2023-09-27,24.12,24.67,24.79,23.87,9926,24552943.00,3.81,2.28,0.55,0.97,2,1098,15.05
688087,英科再生,1,1.688087,2023-09-28,24.62,24.46,24.84,24.35,6949,17250552.00,1.99,-0.85,-0.21,0.68,2,1098,15.05
688087,英科再生,1,1.688087,2023-10-09,24.56,24.26,24.58,24.05,6258,15364029.00,2.17,-0.82,-0.20,0.61,2,1098,15.05
688087,英科再生,1,1.688087,2023-10-10,24.43,24.29,24.51,24.13,5684,13991173.00,1.57,0.12,0.03,0.56,2,1098,15.05
688087,英科再生,1,1.688087,2023-10-11,24.29,24.68,24.83,24.22,11194,27914370.00,2.51,1.61,0.39,1.09,2,1098,15.05
688087,英科再生,1,1.688087,2023-10-12,24.68,24.75,24.83,24.35,5997,14949650.00,1.94,0.28,0.07,0.59,2,1098,15.05
688087,英科再生,1,1.688087,2023-10-13,24.74,24.84,24.93,24.55,4844,12114772.00,1.54,0.36,0.09,0.47,2,1098,15.05
688087,英科再生,1,1.688087,2023-10-16,24.88,24.98,25.30,24.66,10649,26965910.00,2.58,0.56,0.14,1.04,2,1098,15.05
688087,英科再生,1,1.688087,2023-10-17,24.95,23.83,25.00,23.81,10167,24921164.00,4.76,-4.60,-1.15,0.99,2,1098,15.05
688087,英科再生,1,1.688087,2023-10-18,23.83,21.82,23.93,21.82,20006,46071530.00,8.85,-8.43,-2.01,1.95,2,1098,15.05
688087,英科再生,1,1.688087,2023-10-19,21.87,21.41,22.25,21.37,13143,29003743.00,4.03,-1.88,-0.41,1.28,2,1098,15.05
688087,英科再生,1,1.688087,2023-10-20,21.58,21.44,22.00,21.37,6856,15079648.00,2.94,0.14,0.03,0.67,2,1098,15.05
688087,英科再生,1,1.688087,2023-10-23,21.93,21.13,21.98,20.92,7619,16532823.00,4.94,-1.45,-0.31,0.74,2,1098,15.05
688087,英科再生,1,1.688087,2023-10-24,21.34,21.74,22.10,21.12,9511,20988554.00,4.64,2.89,0.61,0.93,2,1098,15.05
688087,英科再生,1,1.688087,2023-10-25,21.87,22.03,22.33,21.87,4803,10791483.00,2.12,1.33,0.29,0.47,2,1098,15.05
688087,英科再生,1,1.688087,2023-10-26,21.65,22.40,22.50,21.65,5488,12370390.00,3.86,1.68,0.37,0.54,2,1098,15.05
688087,英科再生,1,1.688087,2023-10-27,22.34,22.72,22.96,22.15,6259,14352916.00,3.62,1.43,0.32,0.61,2,1098,15.05
688087,英科再生,1,1.688087,2023-10-30,22.71,22.98,23.24,22.50,5781,13522344.00,3.26,1.14,0.26,0.56,2,1098,15.05
688087,英科再生,1,1.688087,2023-10-31,23.03,22.77,23.15,22.57,7937,18415224.00,2.52,-0.91,-0.21,0.78,2,1098,15.05
688087,英科再生,1,1.688087,2023-11-01,23.09,22.46,23.09,22.35,8207,18795398.00,3.25,-1.36,-0.31,0.80,2,1098,15.05
688087,英科再生,1,1.688087,2023-11-02,22.60,22.23,22.60,22.20,4762,10807108.00,1.78,-1.02,-0.23,0.47,2,1098,15.05
688087,英科再生,1,1.688087,2023-11-03,22.34,22.25,22.63,22.25,7914,18030330.00,1.71,0.09,0.02,0.77,2,1098,15.05
688087,英科再生,1,1.688087,2023-11-06,22.35,22.78,22.85,22.35,6607,15218702.00,2.25,2.38,0.53,0.65,2,1098,15.05
688087,英科再生,1,1.688087,2023-11-07,22.83,22.59,22.83,22.37,5841,13367759.00,2.02,-0.83,-0.19,0.57,2,1098,15.05
688087,英科再生,1,1.688087,2023-11-08,22.62,22.53,22.65,22.30,6037,13759610.00,1.55,-0.27,-0.06,0.59,2,1098,15.05
688087,英科再生,1,1.688087,2023-11-09,22.53,22.29,22.58,22.28,5419,12335451.00,1.33,-1.07,-0.24,0.53,2,1098,15.05
688087,英科再生,1,1.688087,2023-11-10,22.45,22.31,22.45,21.95,5972,13474633.00,2.24,0.09,0.02,0.58,2,1098,15.05
688087,英科再生,1,1.688087,2023-11-13,22.51,22.69,22.77,21.97,7138,16272086.00,3.59,1.70,0.38,0.70,2,1098,15.05
688087,英科再生,1,1.688087,2023-11-14,22.74,22.76,22.90,22.57,4964,11462209.00,1.45,0.31,0.07,0.48,2,1098,15.05
688087,英科再生,1,1.688087,2023-11-15,23.02,25.48,25.56,22.78,39347,97650633.00,12.21,11.95,2.72,3.84,2,1098,15.05
688087,英科再生,1,1.688087,2023-11-16,24.76,24.50,25.30,24.06,36576,90479878.00,4.87,-3.85,-0.98,3.57,2,1098,15.05
688087,英科再生,1,1.688087,2023-11-17,24.30,24.65,24.93,24.01,22143,55236278.00,3.76,0.61,0.15,2.16,2,1098,15.05
688087,英科再生,1,1.688087,2023-11-20,24.79,24.49,24.85,24.16,19602,48540021.00,2.80,-0.65,-0.16,1.91,2,1098,15.05
688087,英科再生,1,1.688087,2023-11-21,24.36,23.94,24.49,23.85,15636,38239419.00,2.61,-2.25,-0.55,1.53,2,1098,15.05
688087,英科再生,1,1.688087,2023-11-22,24.05,23.87,24.30,23.81,9921,24165319.00,2.05,-0.29,-0.07,0.97,2,1098,15.05
688087,英科再生,1,1.688087,2023-11-23,23.75,24.11,24.44,23.75,7462,18261158.00,2.89,1.01,0.24,0.73,2,1098,15.05
688087,英科再生,1,1.688087,2023-11-24,24.20,23.82,24.20,23.56,9632,23230860.00,2.65,-1.20,-0.29,0.94,2,1098,15.05
688087,英科再生,1,1.688087,2023-11-27,23.82,24.04,24.14,23.46,8427,20443142.00,2.85,0.92,0.22,0.82,2,1098,15.05
688087,英科再生,1,1.688087,2023-11-28,24.05,24.34,24.46,23.83,8972,22039755.00,2.62,1.25,0.30,0.88,2,1098,15.05
688087,英科再生,1,1.688087,2023-11-29,24.33,23.95,24.33,23.89,9688,23650130.00,1.81,-1.60,-0.39,0.95,2,1098,15.05
688087,英科再生,1,1.688087,2023-11-30,24.07,23.99,24.14,23.44,7811,18850874.00,2.92,0.17,0.04,0.76,2,1098,15.05
688087,英科再生,1,1.688087,2023-12-01,24.15,23.90,24.15,23.65,5180,12523374.00,2.08,-0.38,-0.09,0.51,2,1098,15.05
688087,英科再生,1,1.688087,2023-12-04,24.02,23.40,24.05,23.37,5859,14008767.00,2.85,-2.09,-0.50,0.57,2,1098,15.05
688087,英科再生,1,1.688087,2023-12-05,23.44,22.80,23.44,22.78,6446,15126085.00,2.82,-2.56,-0.60,0.63,2,1098,15.05
688087,英科再生,1,1.688087,2023-12-06,22.89,22.65,23.30,22.57,6636,15482814.00,3.20,-0.66,-0.15,0.65,2,1098,15.05
688087,英科再生,1,1.688087,2023-12-07,22.65,22.68,22.77,22.26,5794,13273700.00,2.25,0.13,0.03,0.57,2,1098,15.05
688087,英科再生,1,1.688087,2023-12-08,22.84,22.87,23.12,22.57,6410,14877981.00,2.43,0.84,0.19,0.63,2,1098,15.05
688087,英科再生,1,1.688087,2023-12-11,22.83,22.81,22.93,22.25,6496,14922506.00,2.97,-0.26,-0.06,0.63,2,1098,15.05
688087,英科再生,1,1.688087,2023-12-12,23.00,22.82,23.21,22.73,6870,15986670.00,2.10,0.04,0.01,0.67,2,1098,15.05
688087,英科再生,1,1.688087,2023-12-13,22.77,22.86,23.52,22.70,12614,29512462.00,3.59,0.18,0.04,1.23,2,1098,15.05
688087,英科再生,1,1.688087,2023-12-14,23.00,23.12,23.45,22.79,8246,19355276.00,2.89,1.14,0.26,0.81,2,1098,15.05
688087,英科再生,1,1.688087,2023-12-15,23.10,23.00,23.31,22.72,7098,16606550.00,2.55,-0.52,-0.12,0.69,2,1098,15.05
688087,英科再生,1,1.688087,2023-12-18,22.91,22.65,23.00,22.57,6687,15430990.00,1.87,-1.52,-0.35,0.65,2,1098,15.05
688087,英科再生,1,1.688087,2023-12-19,22.72,22.45,23.05,22.32,5081,11657682.00,3.22,-0.88,-0.20,0.50,2,1098,15.05
688087,英科再生,1,1.688087,2023-12-20,22.57,22.42,22.90,22.42,3845,8834074.00,2.14,-0.13,-0.03,0.38,2,1098,15.05
688087,英科再生,1,1.688087,2023-12-21,22.66,23.01,23.20,22.45,8638,20056691.00,3.35,2.63,0.59,0.84,2,1098,15.05
688087,英科再生,1,1.688087,2023-12-22,23.01,22.90,23.29,22.63,7948,18559060.00,2.87,-0.48,-0.11,0.78,2,1098,15.05
688087,英科再生,1,1.688087,2023-12-25,22.81,22.84,23.03,22.40,6064,13988961.00,2.75,-0.26,-0.06,0.59,2,1098,15.05
688087,英科再生,1,1.688087,2023-12-26,23.03,22.33,23.03,22.03,7814,17682417.00,4.38,-2.23,-0.51,0.76,2,1098,15.05
688087,英科再生,1,1.688087,2023-12-27,22.22,22.08,22.32,21.85,5605,12572542.00,2.10,-1.12,-0.25,0.55,2,1098,15.05
688087,英科再生,1,1.688087,2023-12-28,22.11,22.92,23.09,21.91,10799,25009123.00,5.34,3.80,0.84,1.05,2,1098,15.05
688087,英科再生,1,1.688087,2023-12-29,22.96,23.73,24.04,22.94,13737,32969332.00,4.80,3.53,0.81,1.34,2,1098,15.05
688087,英科再生,1,1.688087,2024-01-02,23.89,23.67,23.89,23.45,10464,25131812.00,1.85,-0.25,-0.06,1.02,2,1098,15.05
688087,英科再生,1,1.688087,2024-01-03,23.63,23.44,23.63,23.21,6209,14733262.00,1.77,-0.97,-0.23,0.61,2,1098,15.05
688087,英科再生,1,1.688087,2024-01-04,23.43,23.71,24.00,23.24,20014,48168351.00,3.24,1.15,0.27,1.96,2,1098,15.05
688087,英科再生,1,1.688087,2024-01-05,23.78,23.28,23.98,23.12,6111,14575041.00,3.63,-1.81,-0.43,0.60,2,1098,15.05
688087,英科再生,1,1.688087,2024-01-08,23.00,22.92,23.32,22.53,11283,26284540.00,3.39,-1.55,-0.36,1.10,2,1098,15.05
688087,英科再生,1,1.688087,2024-01-09,23.09,23.47,23.57,22.49,6325,14902736.00,4.71,2.40,0.55,0.62,2,1098,15.05
688087,英科再生,1,1.688087,2024-01-10,23.65,23.26,23.65,22.97,6685,15752350.00,2.90,-0.89,-0.21,0.65,2,1098,15.05
688087,英科再生,1,1.688087,2024-01-11,23.32,23.57,23.74,23.09,5842,13877041.00,2.79,1.33,0.31,0.57,2,1098,15.05
688087,英科再生,1,1.688087,2024-01-12,23.58,24.24,25.15,23.58,23273,58197728.00,6.66,2.84,0.67,2.27,2,1098,15.05
688087,英科再生,1,1.688087,2024-01-15,24.35,25.03,25.73,23.98,32461,82549384.00,7.22,3.26,0.79,3.17,2,1098,15.05
688087,英科再生,1,1.688087,2024-01-16,25.03,25.03,25.85,24.62,16174,41263631.00,4.91,0.00,0.00,1.58,2,1098,15.05
688087,英科再生,1,1.688087,2024-01-17,24.99,24.60,25.15,24.55,9477,23821087.00,2.40,-1.72,-0.43,0.93,2,1098,15.05
688087,英科再生,1,1.688087,2024-01-18,24.43,24.92,25.04,24.15,12306,30698012.00,3.62,1.30,0.32,1.20,2,1098,15.05
688087,英科再生,1,1.688087,2024-01-19,24.91,25.25,25.35,24.28,13900,34978763.00,4.29,1.32,0.33,1.36,2,1098,15.05
688087,英科再生,1,1.688087,2024-01-22,25.00,23.69,25.04,23.30,12429,30527318.00,6.89,-6.18,-1.56,1.21,2,1098,15.05
688087,英科再生,1,1.688087,2024-01-23,23.57,22.35,24.04,22.10,15050,34596685.00,8.19,-5.66,-1.34,1.47,2,1098,15.05
688087,英科再生,1,1.688087,2024-01-24,22.26,21.31,22.64,20.56,16782,36442378.00,9.31,-4.65,-1.04,1.64,2,1098,15.05
688087,英科再生,1,1.688087,2024-01-25,21.37,21.77,21.95,20.94,10249,22416050.00,4.74,2.16,0.46,1.00,2,1098,15.05
688087,英科再生,1,1.688087,2024-01-26,21.80,21.15,22.48,21.15,11219,24743838.00,6.11,-2.85,-0.62,1.10,2,1098,15.05
688087,英科再生,1,1.688087,2024-01-29,21.23,21.00,21.39,20.85,6531,14005355.00,2.55,-0.71,-0.15,0.64,2,1098,15.05
688087,英科再生,1,1.688087,2024-01-30,20.78,20.33,21.19,20.22,6883,14437776.00,4.62,-3.19,-0.67,0.67,2,1098,15.05
688087,英科再生,1,1.688087,2024-01-31,20.15,20.33,20.49,18.50,24468,48032158.00,9.79,0.00,0.00,2.39,2,1098,15.05
688087,英科再生,1,1.688087,2024-02-01,19.86,19.98,20.23,18.76,17118,34250224.00,7.23,-1.72,-0.35,1.67,2,1098,15.05
688087,英科再生,1,1.688087,2024-02-02,19.81,20.15,20.17,18.22,12614,24920083.00,9.76,0.85,0.17,1.23,2,1098,15.05
688087,英科再生,1,1.688087,2024-02-05,19.25,19.03,20.15,18.68,8322,16196683.00,7.30,-5.56,-1.12,0.81,2,1098,15.05
688087,英科再生,1,1.688087,2024-02-06,18.45,18.86,19.40,17.86,13379,25416117.00,8.09,-0.89,-0.17,1.31,2,1098,15.05
688087,英科再生,1,1.688087,2024-02-07,18.67,18.70,19.54,18.15,18915,36380164.00,7.37,-0.85,-0.16,1.85,2,1098,15.05
688087,英科再生,1,1.688087,2024-02-08,18.65,20.52,21.63,18.65,21410,43711257.00,15.94,9.73,1.82,2.09,2,1098,15.05
688087,英科再生,1,1.688087,2024-02-19,20.68,21.32,21.75,20.20,13826,29691260.00,7.55,3.90,0.80,1.35,2,1098,15.05
688087,英科再生,1,1.688087,2024-02-20,21.23,21.37,21.56,20.72,6917,14872761.00,3.94,0.23,0.05,0.68,2,1098,15.05
688087,英科再生,1,1.688087,2024-02-21,20.92,21.35,21.93,20.92,8592,18800944.00,4.73,-0.09,-0.02,0.84,2,1098,15.05
688087,英科再生,1,1.688087,2024-02-22,21.30,21.26,21.59,21.15,5909,12808459.00,2.06,-0.42,-0.09,0.58,2,1098,15.05
688087,英科再生,1,1.688087,2024-02-23,21.13,21.55,21.70,21.13,5728,12449577.00,2.68,1.36,0.29,0.56,2,1098,15.05
688087,英科再生,1,1.688087,2024-02-26,21.77,22.80,24.15,21.53,25452,59298105.00,12.16,5.80,1.25,2.49,2,1098,15.05
688087,英科再生,1,1.688087,2024-02-27,22.60,23.33,23.42,22.42,8746,20233425.00,4.39,2.32,0.53,0.85,2,1098,15.05
688087,英科再生,1,1.688087,2024-02-28,22.97,21.54,23.60,21.17,24747,55921607.00,10.42,-7.67,-1.79,2.42,2,1098,15.05
688087,英科再生,1,1.688087,2024-02-29,21.83,22.13,22.13,21.30,8022,17756937.00,3.85,2.74,0.59,0.78,2,1098,15.05
688087,英科再生,1,1.688087,2024-03-01,22.10,21.84,22.37,21.66,9357,20828713.00,3.21,-1.31,-0.29,0.91,2,1098,15.05
688087,英科再生,1,1.688087,2024-03-04,22.00,23.52,23.90,21.72,16385,37596855.00,9.98,7.69,1.68,1.60,2,1098,15.05
688087,英科再生,1,1.688087,2024-03-05,23.14,22.89,23.60,22.76,9990,23418225.00,3.57,-2.68,-0.63,0.98,2,1098,15.05
688087,英科再生,1,1.688087,2024-03-06,22.65,23.25,23.63,22.65,10719,25362085.00,4.28,1.57,0.36,1.05,2,1098,15.05
688087,英科再生,1,1.688087,2024-03-07,23.15,22.66,23.51,22.66,8378,19561512.00,3.66,-2.54,-0.59,0.82,2,1098,15.05
688087,英科再生,1,1.688087,2024-03-08,22.65,23.13,23.23,22.65,6211,14557980.00,2.56,2.07,0.47,0.61,2,1098,15.05
688087,英科再生,1,1.688087,2024-03-11,23.09,23.62,23.62,23.05,5412,12854496.00,2.46,2.12,0.49,0.53,2,1098,15.05
688087,英科再生,1,1.688087,2024-03-12,23.50,24.04,24.12,23.40,9269,22376397.00,3.05,1.78,0.42,0.91,2,1098,15.05
688087,英科再生,1,1.688087,2024-03-13,23.84,23.77,24.45,23.60,7622,18543036.00,3.54,-1.12,-0.27,0.74,2,1098,15.05
688087,英科再生,1,1.688087,2024-03-14,23.77,24.31,25.03,23.77,11779,29263565.00,5.30,2.27,0.54,1.15,2,1098,15.05
688087,英科再生,1,1.688087,2024-03-15,24.15,25.04,25.41,24.15,14651,37107669.00,5.18,3.00,0.73,1.43,2,1098,15.05
688087,英科再生,1,1.688087,2024-03-18,25.33,25.30,25.45,24.75,9470,24065185.00,2.80,1.04,0.26,0.93,2,1098,15.05
688087,英科再生,1,1.688087,2024-03-19,25.30,25.10,25.57,24.90,7145,18272691.00,2.65,-0.79,-0.20,0.70,2,1098,15.05
688087,英科再生,1,1.688087,2024-03-20,25.04,25.22,25.29,24.65,8355,21213149.00,2.55,0.48,0.12,0.82,2,1098,15.05
688087,英科再生,1,1.688087,2024-03-21,25.22,24.56,25.35,24.49,9327,23414698.00,3.41,-2.62,-0.66,0.91,2,1098,15.05
688087,英科再生,1,1.688087,2024-03-22,24.58,24.58,25.07,24.34,8916,22342597.00,2.97,0.08,0.02,0.87,2,1098,15.05
688087,英科再生,1,1.688087,2024-03-25,24.57,23.97,24.60,23.71,12130,29625281.00,3.62,-2.48,-0.61,1.18,2,1098,15.05
688087,英科再生,1,1.688087,2024-03-26,24.04,24.26,24.51,23.53,9279,22593630.00,4.09,1.21,0.29,0.91,2,1098,15.05
688087,英科再生,1,1.688087,2024-03-27,24.17,23.58,24.36,23.58,5366,13029950.00,3.22,-2.80,-0.68,0.52,2,1098,15.05
688087,英科再生,1,1.688087,2024-03-28,23.66,24.25,24.77,23.55,7218,17785328.00,5.17,2.84,0.67,0.71,2,1098,15.05
688087,英科再生,1,1.688087,2024-03-29,24.28,25.03,25.03,24.28,6568,16431888.00,3.09,3.22,0.78,0.64,2,1098,15.05
688087,英科再生,1,1.688087,2024-04-01,25.06,24.62,26.02,24.25,17741,45107636.00,7.07,-1.64,-0.41,1.73,2,1098,15.05
688087,英科再生,1,1.688087,2024-04-02,24.58,25.26,26.45,24.56,23894,61695983.00,7.68,2.60,0.64,2.33,2,1098,15.05
688087,英科再生,1,1.688087,2024-04-03,25.26,25.78,25.91,24.93,15616,40387560.00,3.88,2.06,0.52,1.53,2,1098,15.05
688087,英科再生,1,1.688087,2024-04-08,25.77,25.24,25.81,24.97,9140,23482648.00,3.26,-2.09,-0.54,0.89,2,1098,15.05
688087,英科再生,1,1.688087,2024-04-09,25.01,26.48,26.52,24.93,17053,44901715.00,6.30,4.91,1.24,1.67,2,1098,15.05
688087,英科再生,1,1.688087,2024-04-10,26.45,25.66,26.45,25.26,13306,34617117.00,4.49,-3.10,-0.82,1.30,2,1098,15.05
688087,英科再生,1,1.688087,2024-04-11,25.47,25.79,26.72,25.26,21696,57165304.00,5.69,0.51,0.13,2.12,2,1098,15.05
688087,英科再生,1,1.688087,2024-04-12,25.85,25.80,26.45,25.74,19815,52363637.00,2.75,0.04,0.01,1.94,2,1098,15.05
688087,英科再生,1,1.688087,2024-04-15,25.80,25.49,25.80,25.03,14440,37130734.00,2.98,-1.20,-0.31,1.41,2,1098,15.05
688087,英科再生,1,1.688087,2024-04-16,25.06,25.10,25.50,24.37,14801,37576661.00,4.43,-1.53,-0.39,1.45,2,1098,15.05
688087,英科再生,1,1.688087,2024-04-17,25.62,26.78,26.82,25.11,17196,45741021.00,6.81,6.69,1.68,1.68,2,1098,15.05
688087,英科再生,1,1.688087,2024-04-18,26.83,26.47,27.08,26.08,11562,31089012.00,3.73,-1.16,-0.31,1.13,2,1098,15.05
688087,英科再生,1,1.688087,2024-04-19,26.45,26.54,26.74,26.10,9175,24542537.00,2.42,0.26,0.07,0.90,2,1098,15.05
688087,英科再生,1,1.688087,2024-04-22,26.54,26.63,26.85,26.17,7276,19575164.00,2.56,0.34,0.09,0.71,2,1098,15.05
688087,英科再生,1,1.688087,2024-04-23,26.77,27.37,27.90,26.35,17434,48006620.00,5.82,2.78,0.74,1.70,2,1098,15.05
688087,英科再生,1,1.688087,2024-04-24,27.42,27.61,27.61,27.09,8546,23655542.00,1.90,0.88,0.24,0.83,2,1098,15.05
688087,英科再生,1,1.688087,2024-04-25,27.64,27.98,29.04,27.45,34419,99171126.00,5.76,1.34,0.37,3.36,2,1098,15.05
688087,英科再生,1,1.688087,2024-04-26,28.58,27.88,29.14,26.77,38476,108493622.00,8.47,-0.36,-0.10,3.76,2,1098,15.05
688087,英科再生,1,1.688087,2024-04-29,27.94,28.10,29.15,27.77,27829,79954489.00,4.95,0.79,0.22,2.72,2,1098,15.05
688087,英科再生,1,1.688087,2024-04-30,28.25,29.35,29.53,27.80,28511,83543698.00,6.16,4.45,1.25,2.79,2,1098,15.05
688087,英科再生,1,1.688087,2024-05-06,29.60,30.48,30.59,29.17,31290,94784329.00,4.84,3.85,1.13,3.06,2,1098,15.05
688087,英科再生,1,1.688087,2024-05-07,30.45,29.66,30.45,29.27,21505,64573761.00,3.87,-2.69,-0.82,2.10,2,1098,15.05
688087,英科再生,1,1.688087,2024-05-08,29.51,30.04,30.40,29.51,18024,54802087.00,3.00,1.28,0.38,1.76,2,1098,15.05
688087,英科再生,1,1.688087,2024-05-09,30.04,29.95,30.26,29.65,12488,37917170.00,2.03,-0.30,-0.09,1.22,2,1098,15.05
688087,英科再生,1,1.688087,2024-05-10,29.85,29.23,30.12,29.09,11771,35041202.00,3.44,-2.40,-0.72,1.15,2,1098,15.05
688087,英科再生,1,1.688087,2024-05-13,29.23,29.43,30.24,28.96,13918,41681225.00,4.38,0.68,0.20,1.36,2,1098,15.05
688087,英科再生,1,1.688087,2024-05-14,29.65,30.14,30.25,29.42,8934,26986684.00,2.82,2.41,0.71,0.87,2,1098,15.05
688087,英科再生,1,1.688087,2024-05-15,30.17,29.16,30.17,28.85,15752,46545966.00,4.38,-3.25,-0.98,1.54,2,1098,15.05
688087,英科再生,1,1.688087,2024-05-16,29.15,29.07,29.49,28.95,6230,18402568.00,1.85,-0.31,-0.09,0.61,2,1098,15.05
688087,英科再生,1,1.688087,2024-05-17,28.95,29.62,29.62,28.65,14808,43765688.00,3.34,1.89,0.55,1.45,2,1098,15.05
688087,英科再生,1,1.688087,2024-05-20,29.30,29.29,29.88,29.17,5716,17053702.00,2.40,-1.11,-0.33,0.56,2,1098,15.05
688087,英科再生,1,1.688087,2024-05-21,29.26,29.32,29.70,28.96,7450,22114870.00,2.53,0.10,0.03,0.73,2,1098,15.05
688087,英科再生,1,1.688087,2024-05-22,29.64,29.32,29.64,28.98,5426,16037896.00,2.25,0.00,0.00,0.53,2,1098,15.05
688087,英科再生,1,1.688087,2024-05-23,29.04,29.16,29.65,28.94,8148,24140051.00,2.42,-0.55,-0.16,0.80,2,1098,15.05
688087,英科再生,1,1.688087,2024-05-24,29.10,28.97,29.68,28.96,5860,17385239.00,2.47,-0.65,-0.19,0.57,2,1098,15.05
688087,英科再生,1,1.688087,2024-05-27,28.91,28.92,29.31,28.65,11444,33483707.00,2.28,-0.17,-0.05,1.12,2,1098,15.05
688087,英科再生,1,1.688087,2024-05-28,28.97,28.91,29.25,28.85,5043,14823525.00,1.38,-0.03,-0.01,0.49,2,1098,15.05
688087,英科再生,1,1.688087,2024-05-29,28.96,28.99,29.21,28.83,9018,26427931.00,1.31,0.28,0.08,0.88,2,1098,15.05
688087,英科再生,1,1.688087,2024-05-30,28.98,29.55,29.75,28.86,13531,40267219.00,3.07,1.93,0.56,1.32,2,1098,15.05
688087,英科再生,1,1.688087,2024-05-31,29.60,29.42,29.73,28.17,12220,35960943.00,5.28,-0.44,-0.13,1.19,2,1098,15.05
688087,英科再生,1,1.688087,2024-06-03,29.15,28.81,29.19,28.49,8418,24585098.00,2.38,-2.07,-0.61,0.82,2,1098,15.05
688087,英科再生,1,1.688087,2024-06-04,28.86,28.25,28.86,27.84,13260,37912188.00,3.54,-1.94,-0.56,1.30,2,1098,15.05
688087,英科再生,1,1.688087,2024-06-05,28.40,27.61,28.73,27.58,7050,20105861.00,4.07,-2.27,-0.64,0.69,2,1098,15.05
688087,英科再生,1,1.688087,2024-06-06,27.41,26.62,27.95,26.59,12080,33143534.00,4.93,-3.59,-0.99,1.18,2,1098,15.05
688087,英科再生,1,1.688087,2024-06-07,26.87,27.26,27.40,26.56,7006,19174788.00,3.16,2.40,0.64,0.68,2,1098,15.05
688087,英科再生,1,1.688087,2024-06-11,27.14,27.63,27.75,26.75,7014,19443721.00,3.67,1.36,0.37,0.69,2,1098,15.05
688087,英科再生,1,1.688087,2024-06-12,27.68,27.63,28.12,27.21,6047,17013023.00,3.29,0.00,0.00,0.59,2,1098,15.05
688087,英科再生,1,1.688087,2024-06-13,27.40,27.55,27.72,27.40,2606,7277247.00,1.16,-0.29,-0.08,0.25,2,1098,15.05
688087,英科再生,1,1.688087,2024-06-14,27.43,27.05,27.52,26.75,9160,25124158.00,2.79,-1.81,-0.50,0.89,2,1098,15.05
688087,英科再生,1,1.688087,2024-06-17,27.05,26.95,27.33,26.83,5541,15175711.00,1.85,-0.37,-0.10,0.54,2,1098,15.05
688087,英科再生,1,1.688087,2024-06-18,26.86,26.91,27.14,26.67,5223,14224624.00,1.74,-0.15,-0.04,0.51,2,1098,15.05
688087,英科再生,1,1.688087,2024-06-19,27.44,26.20,27.55,26.10,18669,50047869.00,5.39,-2.64,-0.71,1.82,2,1098,15.05
688087,英科再生,1,1.688087,2024-06-20,26.06,26.29,26.53,25.95,11729,31202775.00,2.21,0.34,0.09,1.15,2,1098,15.05
688087,英科再生,1,1.688087,2024-06-21,26.15,26.59,26.81,26.15,8444,22691526.00,2.51,1.14,0.30,0.82,2,1098,15.05
688087,英科再生,1,1.688087,2024-06-24,26.25,25.69,26.45,25.55,8854,23293664.00,3.38,-3.38,-0.90,0.86,2,1098,15.05
688087,英科再生,1,1.688087,2024-06-25,25.85,25.65,26.06,25.15,14682,37972852.00,3.54,-0.16,-0.04,1.43,2,1098,15.05
688087,英科再生,1,1.688087,2024-06-26,25.79,26.27,26.35,25.32,8075,21181025.00,4.02,2.42,0.62,0.79,2,1098,15.05
688087,英科再生,1,1.688087,2024-06-27,26.26,25.34,26.26,25.30,4732,12336547.00,3.65,-3.54,-0.93,0.46,2,1098,15.05
688087,英科再生,1,1.688087,2024-06-28,25.34,25.53,26.04,25.00,9865,25666314.00,4.10,0.75,0.19,0.96,2,1098,15.05
688087,英科再生,1,1.688087,2024-07-01,25.43,26.67,26.82,25.36,9168,24471523.00,5.72,4.47,1.14,0.90,2,1098,15.05
688087,英科再生,1,1.688087,2024-07-02,26.67,26.16,26.68,26.15,7194,19134516.00,1.99,-1.91,-0.51,0.70,2,1098,15.05
688087,英科再生,1,1.688087,2024-07-03,26.16,25.63,26.21,25.51,5233,13670645.00,2.68,-2.03,-0.53,0.51,2,1098,15.05
688087,英科再生,1,1.688087,2024-07-04,25.89,24.65,25.89,24.65,6822,17309620.00,4.84,-3.82,-0.98,0.67,2,1098,15.05
688087,英科再生,1,1.688087,2024-07-05,24.56,25.69,26.32,24.56,8278,21275732.00,7.14,4.22,1.04,0.81,2,1098,15.05
688087,英科再生,1,1.688087,2024-07-08,25.69,25.13,25.82,24.90,8365,21424107.00,3.58,-2.18,-0.56,0.82,2,1098,15.05
688087,英科再生,1,1.688087,2024-07-09,25.20,25.94,26.21,24.37,9582,24453236.00,7.32,3.22,0.81,0.51,2,1098,15.05
688087,英科再生,1,1.688087,2024-07-10,25.92,25.55,26.31,25.52,7248,19051823.00,3.05,-1.50,-0.39,0.39,2,1098,15.05
688087,英科再生,1,1.688087,2024-07-11,25.94,26.50,26.70,25.94,8852,23700922.00,2.97,3.72,0.95,0.48,2,1098,15.05
688087,英科再生,1,1.688087,2024-07-12,26.40,26.44,26.63,26.18,6387,17079441.00,1.70,-0.23,-0.06,0.34,2,1098,15.05
688087,英科再生,1,1.688087,2024-07-15,26.64,26.05,26.64,25.92,5753,15232593.00,2.72,-1.48,-0.39,0.31,2,1098,15.05
688087,英科再生,1,1.688087,2024-07-16,25.80,25.65,26.14,25.59,7053,18427482.00,2.11,-1.54,-0.40,0.38,2,1098,15.05
688087,英科再生,1,1.688087,2024-07-17,25.65,25.13,25.79,25.10,8080,20672089.00,2.69,-2.03,-0.52,0.43,2,1098,15.05
688087,英科再生,1,1.688087,2024-07-18,25.21,25.45,25.58,25.15,4482,11448244.00,1.71,1.27,0.32,0.24,2,1098,15.05
688087,英科再生,1,1.688087,2024-07-19,25.22,25.92,26.08,25.22,5257,13645055.00,3.38,1.85,0.47,0.28,2,1098,15.05
688087,英科再生,1,1.688087,2024-07-22,25.86,25.19,26.18,24.82,12381,31841128.00,5.25,-2.82,-0.73,0.66,2,1098,15.05
688087,英科再生,1,1.688087,2024-07-23,25.32,24.90,25.35,24.90,6103,15438976.00,1.79,-1.15,-0.29,0.33,2,1098,15.05
688087,英科再生,1,1.688087,2024-07-24,24.94,23.60,25.06,23.49,9972,24208705.00,6.31,-5.22,-1.30,0.54,2,1098,15.05
688087,英科再生,1,1.688087,2024-07-25,23.37,24.45,24.62,23.37,10686,26133508.00,5.30,3.60,0.85,0.57,2,1098,15.05
688087,英科再生,1,1.688087,2024-07-26,24.31,25.20,25.25,24.31,7177,18101589.00,3.84,3.07,0.75,0.39,2,1098,15.05
688087,英科再生,1,1.688087,2024-07-29,25.10,24.81,25.10,24.66,4336,10861574.00,1.75,-1.55,-0.39,0.23,2,1098,15.05
688087,英科再生,1,1.688087,2024-07-30,24.81,24.95,25.20,24.55,2290,5739619.00,2.62,0.56,0.14,0.12,2,1098,15.05
688087,英科再生,1,1.688087,2024-07-31,25.03,26.38,26.58,24.70,9848,25737653.00,7.54,5.73,1.43,0.53,2,1098,15.05
688087,英科再生,1,1.688087,2024-08-01,26.31,26.18,26.75,25.90,4185,11063122.00,3.22,-0.76,-0.20,0.22,2,1098,15.05
688087,英科再生,1,1.688087,2024-08-02,26.18,25.99,26.28,25.81,4159,10932132.00,1.80,-0.73,-0.19,0.22,2,1098,15.05
688087,英科再生,1,1.688087,2024-08-05,25.90,25.57,26.39,25.56,4363,11397462.00,3.19,-1.62,-0.42,0.23,2,1098,15.05
688087,英科再生,1,1.688087,2024-08-06,25.72,24.69,26.05,24.38,9089,22873416.00,6.53,-3.44,-0.88,0.49,2,1098,15.05
688087,英科再生,1,1.688087,2024-08-07,24.74,25.21,25.49,24.67,8651,21792102.00,3.32,2.11,0.52,0.46,2,1098,15.05
688087,英科再生,1,1.688087,2024-08-08,25.20,25.32,25.55,24.86,4300,10940627.00,2.74,0.44,0.11,0.23,2,1098,15.05
688087,英科再生,1,1.688087,2024-08-09,25.05,25.40,25.56,25.05,4794,12250897.00,2.01,0.32,0.08,0.26,2,1098,15.05
688087,英科再生,1,1.688087,2024-08-12,26.32,25.53,26.43,25.41,5688,14836126.00,4.02,0.51,0.13,0.31,2,1098,15.05
688087,英科再生,1,1.688087,2024-08-13,25.42,25.92,25.95,25.23,4088,10545661.00,2.82,1.53,0.39,0.22,2,1098,15.05
688087,英科再生,1,1.688087,2024-08-14,25.92,25.63,25.95,25.56,2689,6974504.00,1.50,-1.12,-0.29,0.14,2,1098,15.05
688087,英科再生,1,1.688087,2024-08-15,25.70,25.68,26.10,25.48,3637,9468111.00,2.42,0.20,0.05,0.20,2,1098,15.05
688087,英科再生,1,1.688087,2024-08-16,25.70,25.45,25.70,25.39,2035,5235334.00,1.21,-0.90,-0.23,0.11,2,1098,15.05
688087,英科再生,1,1.688087,2024-08-19,25.43,25.69,25.98,25.33,2281,5900467.00,2.55,0.94,0.24,0.12,2,1098,15.05
688087,英科再生,1,1.688087,2024-08-20,25.68,25.07,25.69,24.89,5372,13566771.00,3.11,-2.41,-0.62,0.29,2,1098,15.05
688087,英科再生,1,1.688087,2024-08-21,24.81,25.15,25.20,24.80,2206,5563307.00,1.60,0.32,0.08,0.12,2,1098,15.05
688087,英科再生,1,1.688087,2024-08-22,25.09,24.95,25.13,24.85,1658,4177345.00,1.11,-0.80,-0.20,0.09,2,1098,15.05
688087,英科再生,1,1.688087,2024-08-23,24.99,24.89,25.26,24.50,2856,7151931.00,3.05,-0.24,-0.06,0.15,2,1098,15.05
688087,英科再生,1,1.688087,2024-08-26,25.18,25.14,25.35,24.88,2507,6336546.00,1.89,1.00,0.25,0.13,2,1098,15.05
688087,英科再生,1,1.688087,2024-08-27,24.92,24.70,25.20,24.22,6863,17053039.00,3.90,-1.75,-0.44,0.37,2,1098,15.05
688087,英科再生,1,1.688087,2024-08-28,24.46,24.82,25.10,24.33,3334,8329405.00,3.12,0.49,0.12,0.18,2,1098,15.05
688087,英科再生,1,1.688087,2024-08-29,24.80,26.27,26.50,24.76,9433,24779675.00,7.01,5.84,1.45,0.51,2,1098,15.05
688087,英科再生,1,1.688087,2024-08-30,26.28,26.65,26.75,26.11,8716,23363392.00,2.44,1.45,0.38,0.47,2,1098,15.05
688087,英科再生,1,1.688087,2024-09-02,26.65,26.08,26.65,25.75,7918,20821962.00,3.38,-2.14,-0.57,0.43,2,1098,15.05
688087,英科再生,1,1.688087,2024-09-03,26.07,26.18,26.32,25.95,2969,7818205.00,1.42,0.38,0.10,0.16,2,1098,15.05
688087,英科再生,1,1.688087,2024-09-04,26.18,26.12,26.59,25.86,6008,15901385.00,2.79,-0.23,-0.06,0.32,2,1098,15.05
688087,英科再生,1,1.688087,2024-09-05,26.18,25.98,26.41,25.80,6046,15831835.00,2.34,-0.54,-0.14,0.32,2,1098,15.05
688087,英科再生,1,1.688087,2024-09-06,25.98,25.29,26.19,25.22,5921,15255163.00,3.73,-2.66,-0.69,0.32,2,1098,15.05
688087,英科再生,1,1.688087,2024-09-09,25.16,24.83,25.55,24.56,7182,17981714.00,3.91,-1.82,-0.46,0.39,2,1098,15.05
688087,英科再生,1,1.688087,2024-09-10,25.05,24.83,25.05,24.30,5403,13431185.00,3.02,0.00,0.00,0.29,2,1098,15.05
688087,英科再生,1,1.688087,2024-09-11,24.60,25.05,25.19,24.59,6033,15120455.00,2.42,0.89,0.22,0.32,2,1098,15.05
688087,英科再生,1,1.688087,2024-09-12,25.26,24.82,25.39,24.80,3112,7875414.00,2.36,-0.92,-0.23,0.17,2,1098,15.05
688087,英科再生,1,1.688087,2024-09-13,24.82,24.31,24.97,24.26,6767,16713680.00,2.86,-2.05,-0.51,0.36,2,1098,15.05
688087,英科再生,1,1.688087,2024-09-18,24.15,24.00,24.15,23.45,6661,15916181.00,2.88,-1.28,-0.31,0.36,2,1098,15.05
688087,英科再生,1,1.688087,2024-09-19,24.08,24.41,24.60,23.73,5055,12370818.00,3.63,1.71,0.41,0.27,2,1098,15.05
688087,英科再生,1,1.688087,2024-09-20,24.31,24.30,24.43,23.91,4264,10405155.00,2.13,-0.45,-0.11,0.23,2,1098,15.05
688087,英科再生,1,1.688087,2024-09-23,24.31,24.50,24.76,24.06,2539,6272666.00,2.88,0.82,0.20,0.14,2,1098,15.05
688087,英科再生,1,1.688087,2024-09-24,24.75,25.29,25.34,24.60,8556,21570046.00,3.02,3.22,0.79,0.46,2,1098,15.05
688087,英科再生,1,1.688087,2024-09-25,25.37,25.05,25.79,25.00,8252,21195357.00,3.12,-0.95,-0.24,0.44,2,1098,15.05
688087,英科再生,1,1.688087,2024-09-26,24.90,25.59,25.61,24.70,8784,22358276.00,3.63,2.16,0.54,0.47,2,1098,15.05
688087,英科再生,1,1.688087,2024-09-27,25.88,26.70,26.89,25.88,9112,24218817.00,3.95,4.34,1.11,0.49,2,1098,15.05
688087,英科再生,1,1.688087,2024-09-30,27.74,29.92,31.04,26.71,41853,120322359.00,16.22,12.06,3.22,2.25,2,1098,15.05
688087,英科再生,1,1.688087,2024-10-08,35.60,32.40,35.60,30.11,71986,234036041.00,18.35,8.29,2.48,3.87,2,1098,15.05
688087,英科再生,1,1.688087,2024-10-09,30.78,28.83,31.28,28.80,45597,136962279.00,7.65,-11.02,-3.57,2.45,2,1098,15.05
688087,英科再生,1,1.688087,2024-10-10,29.06,29.46,30.00,28.95,20797,61834619.00,3.64,2.19,0.63,1.12,2,1098,15.05
688087,英科再生,1,1.688087,2024-10-11,29.48,27.92,29.48,27.43,16938,48005615.00,6.96,-5.23,-1.54,0.91,2,1098,15.05
688087,英科再生,1,1.688087,2024-10-14,27.91,28.35,28.59,27.42,13454,38090331.00,4.19,1.54,0.43,0.72,2,1098,15.05
688087,英科再生,1,1.688087,2024-10-15,28.33,28.39,29.24,28.05,11934,34459934.00,4.20,0.14,0.04,0.64,2,1098,15.05
688087,英科再生,1,1.688087,2024-10-16,28.23,29.23,29.80,27.91,22427,65814503.00,6.66,2.96,0.84,1.20,2,1098,15.05
688087,英科再生,1,1.688087,2024-10-17,29.23,28.64,29.53,28.47,15072,43832832.00,3.63,-2.02,-0.59,0.81,2,1098,15.05
688087,英科再生,1,1.688087,2024-10-18,28.68,30.68,31.11,28.33,28793,86856800.00,9.71,7.12,2.04,1.55,2,1098,15.05
688087,英科再生,1,1.688087,2024-10-21,31.40,31.10,31.72,30.40,35040,109741970.00,4.30,1.37,0.42,1.88,2,1098,15.05
688087,英科再生,1,1.688087,2024-10-22,31.10,30.23,31.10,29.85,19666,59953267.00,4.02,-2.80,-0.87,1.06,2,1098,15.05
688087,英科再生,1,1.688087,2024-10-23,30.09,29.89,30.36,29.70,22055,66568996.00,2.18,-1.12,-0.34,1.18,2,1098,15.05
688087,英科再生,1,1.688087,2024-10-24,29.89,29.00,29.96,28.93,19242,56798708.00,3.45,-2.98,-0.89,1.03,2,1098,15.05
688087,英科再生,1,1.688087,2024-10-25,29.13,29.03,29.40,28.75,20412,59658482.00,2.24,0.10,0.03,1.10,2,1098,15.05
688087,英科再生,1,1.688087,2024-10-28,28.97,29.50,29.50,28.85,16062,47217295.00,2.24,1.62,0.47,0.86,2,1098,15.05
688087,英科再生,1,1.688087,2024-10-29,29.75,28.73,29.75,28.55,15124,44138837.00,4.07,-2.61,-0.77,0.81,2,1098,15.05
688087,英科再生,1,1.688087,2024-10-30,28.29,28.51,28.94,28.16,13088,37559458.00,2.71,-0.77,-0.22,0.70,2,1098,15.05
688087,英科再生,1,1.688087,2024-10-31,29.34,28.94,29.69,28.75,20436,59970095.00,3.30,1.51,0.43,1.10,2,1098,15.05
688087,英科再生,1,1.688087,2024-11-01,28.94,27.90,28.96,27.87,15412,43863449.00,3.77,-3.59,-1.04,0.83,2,1098,15.05
688087,英科再生,1,1.688087,2024-11-04,27.91,28.72,28.74,27.90,9823,28127299.00,3.01,2.94,0.82,0.53,2,1098,15.05
688087,英科再生,1,1.688087,2024-11-05,29.02,29.42,29.52,28.64,17723,51844306.00,3.06,2.44,0.70,0.95,2,1098,15.05
688087,英科再生,1,1.688087,2024-11-06,29.62,28.86,29.66,28.72,17668,51843706.00,3.20,-1.90,-0.56,0.95,2,1098,15.05
688087,英科再生,1,1.688087,2024-11-07,28.70,29.36,29.38,28.52,18386,53741182.00,2.98,1.73,0.50,0.99,2,1098,15.05
688087,英科再生,1,1.688087,2024-11-08,29.45,29.48,30.02,29.29,19513,58045508.00,2.49,0.41,0.12,1.05,2,1098,15.05
688087,英科再生,1,1.688087,2024-11-11,29.36,30.09,30.09,29.16,23867,71597321.00,3.15,2.07,0.61,1.28,2,1098,15.05
688087,英科再生,1,1.688087,2024-11-12,30.24,29.61,30.64,29.41,25292,76561042.00,4.09,-1.60,-0.48,1.36,2,1098,15.05
688087,英科再生,1,1.688087,2024-11-13,29.68,29.73,29.93,29.14,14246,42262532.00,2.67,0.41,0.12,0.76,2,1098,15.05
688087,英科再生,1,1.688087,2024-11-14,29.84,29.06,30.24,29.01,14372,42757127.00,4.14,-2.25,-0.67,0.77,2,1098,15.05
688087,英科再生,1,1.688087,2024-11-15,29.13,28.64,29.33,28.55,9683,28202419.00,2.68,-1.45,-0.42,0.52,2,1098,15.05
688087,英科再生,1,1.688087,2024-11-18,28.63,27.97,28.69,27.79,11139,31623953.00,3.14,-2.34,-0.67,0.60,2,1098,15.05
688087,英科再生,1,1.688087,2024-11-19,28.34,28.58,28.65,27.91,6588,18716852.00,2.65,2.18,0.61,0.35,2,1098,15.05
688087,英科再生,1,1.688087,2024-11-20,28.58,28.67,28.95,28.30,10463,30160408.00,2.27,0.31,0.09,0.56,2,1098,15.05
688087,英科再生,1,1.688087,2024-11-21,28.64,28.40,28.81,28.04,7125,20444284.00,2.69,-0.94,-0.27,0.38,2,1098,15.05
688087,英科再生,1,1.688087,2024-11-22,28.32,27.47,28.48,27.44,15102,42259736.00,3.66,-3.27,-0.93,0.81,2,1098,15.05
688087,英科再生,1,1.688087,2024-11-25,27.64,27.67,27.70,27.24,7237,20032018.00,1.67,0.73,0.20,0.39,2,1098,15.05
688087,英科再生,1,1.688087,2024-11-26,27.64,27.15,27.70,27.07,7209,19937161.00,2.28,-1.88,-0.52,0.39,2,1098,15.05
688087,英科再生,1,1.688087,2024-11-27,27.44,27.59,27.60,26.74,7995,21951348.00,3.17,1.62,0.44,0.43,2,1098,15.05
688087,英科再生,1,1.688087,2024-11-28,27.59,27.35,27.93,27.26,5958,16528808.00,2.43,-0.87,-0.24,0.32,2,1098,15.05
688087,英科再生,1,1.688087,2024-11-29,27.11,28.54,28.86,27.11,25459,72790540.00,6.40,4.35,1.19,1.37,2,1098,15.05
688087,英科再生,1,1.688087,2024-12-02,28.49,28.37,28.53,28.06,13885,39570615.00,1.65,-0.60,-0.17,0.75,2,1098,15.05
688087,英科再生,1,1.688087,2024-12-03,28.70,28.71,29.10,28.15,14763,42649307.00,3.35,1.20,0.34,0.79,2,1098,15.05
688087,英科再生,1,1.688087,2024-12-04,28.70,28.13,28.70,27.99,12782,36439041.00,2.47,-2.02,-0.58,0.69,2,1098,15.05
688087,英科再生,1,1.688087,2024-12-05,27.95,28.13,28.34,27.95,6557,18549612.00,1.39,0.00,0.00,0.35,2,1098,15.05
688087,英科再生,1,1.688087,2024-12-06,28.14,28.69,28.69,28.07,9547,27286906.00,2.20,1.99,0.56,0.51,2,1098,15.05
688087,英科再生,1,1.688087,2024-12-09,28.81,28.66,29.26,28.60,9717,28275857.00,2.30,-0.10,-0.03,0.52,2,1098,15.05
688087,英科再生,1,1.688087,2024-12-10,29.34,28.86,29.44,28.78,12829,37417374.00,2.30,0.70,0.20,0.69,2,1098,15.05
688087,英科再生,1,1.688087,2024-12-11,28.80,28.62,28.96,28.46,14004,40331889.00,1.73,-0.83,-0.24,0.75,2,1098,15.05
688087,英科再生,1,1.688087,2024-12-12,28.63,29.01,29.11,28.44,14031,40615418.00,2.34,1.36,0.39,0.75,2,1098,15.05
688087,英科再生,1,1.688087,2024-12-13,28.85,28.24,28.93,28.23,11521,32960597.00,2.41,-2.65,-0.77,0.62,2,1098,15.05
688087,英科再生,1,1.688087,2024-12-16,28.29,28.05,28.67,27.95,12990,37080996.00,2.55,-0.67,-0.19,0.70,2,1098,15.05
688087,英科再生,1,1.688087,2024-12-17,27.99,27.68,28.33,27.65,8850,24904048.00,2.42,-1.32,-0.37,0.48,2,1098,15.05
688087,英科再生,1,1.688087,2024-12-18,27.64,27.85,28.14,27.50,8007,22429409.00,2.31,0.61,0.17,0.43,2,1098,15.05
688087,英科再生,1,1.688087,2024-12-19,27.64,28.03,28.24,27.54,6721,18909155.00,2.51,0.65,0.18,0.36,2,1098,15.05
688087,英科再生,1,1.688087,2024-12-20,28.07,27.97,28.20,27.84,8249,23268691.00,1.28,-0.21,-0.06,0.44,2,1098,15.05
688087,英科再生,1,1.688087,2024-12-23,27.93,27.64,28.00,27.54,7445,20817485.00,1.64,-1.18,-0.33,0.40,2,1098,15.05
688087,英科再生,1,1.688087,2024-12-24,27.59,28.59,28.59,27.59,17752,50364053.00,3.62,3.44,0.95,0.95,2,1098,15.05
688087,英科再生,1,1.688087,2024-12-25,28.47,28.84,29.13,28.32,21478,62130946.00,2.83,0.87,0.25,1.15,2,1098,15.05
688087,英科再生,1,1.688087,2024-12-26,28.79,29.52,29.79,28.64,24191,71874047.00,3.99,2.36,0.68,1.30,2,1098,15.05
688087,英科再生,1,1.688087,2024-12-27,29.59,29.94,30.08,29.38,28852,86585736.00,2.37,1.42,0.42,1.55,2,1098,15.05
688087,英科再生,1,1.688087,2024-12-30,29.69,29.53,30.09,29.09,23680,70273411.00,3.34,-1.37,-0.41,1.27,2,1098,15.05
688087,英科再生,1,1.688087,2024-12-31,29.76,30.15,30.84,29.36,49001,149687684.00,5.01,2.10,0.62,2.63,2,1098,15.05
688087,英科再生,1,1.688087,2025-01-02,30.05,28.52,30.14,28.12,34504,100304199.00,6.70,-5.41,-1.63,1.85,2,1098,15.05
688087,英科再生,1,1.688087,2025-01-03,28.59,28.04,28.92,27.97,14427,41191883.00,3.33,-1.68,-0.48,0.77,2,1098,15.05
688087,英科再生,1,1.688087,2025-01-06,27.92,28.99,29.56,27.75,18855,54958829.00,6.46,3.39,0.95,1.01,2,1098,15.05
688087,英科再生,1,1.688087,2025-01-07,29.27,30.20,30.22,28.64,23731,70837612.00,5.45,4.17,1.21,1.27,2,1098,15.05
688087,英科再生,1,1.688087,2025-01-08,29.99,30.33,30.58,29.46,21707,65798020.00,3.71,0.43,0.13,1.17,2,1098,15.05
688087,英科再生,1,1.688087,2025-01-09,29.85,30.34,31.13,29.85,24236,74500943.00,4.22,0.03,0.01,1.30,2,1098,15.05
688087,英科再生,1,1.688087,2025-01-10,30.35,30.07,30.71,29.95,19438,59152482.00,2.50,-0.89,-0.27,1.04,2,1098,15.05
688087,英科再生,1,1.688087,2025-01-13,29.84,30.14,31.06,29.71,18134,55444594.00,4.49,0.23,0.07,0.97,2,1098,15.05
688087,英科再生,1,1.688087,2025-01-14,30.10,30.79,30.84,29.75,26170,80274912.00,3.62,2.16,0.65,1.41,2,1098,15.05
688087,英科再生,1,1.688087,2025-01-15,31.12,30.54,31.13,30.17,14224,43781785.00,3.12,-0.81,-0.25,0.76,2,1098,15.05
688087,英科再生,1,1.688087,2025-01-16,32.46,31.21,33.09,31.00,55245,176910399.00,6.84,2.19,0.67,2.97,2,1098,15.05
688087,英科再生,1,1.688087,2025-01-17,31.46,31.40,31.82,30.66,25622,80600268.00,3.72,0.61,0.19,1.38,2,1098,15.05
688087,英科再生,1,1.688087,2025-01-20,31.40,31.90,32.68,31.40,26917,86749423.00,4.08,1.59,0.50,1.45,2,1098,15.05
688087,英科再生,1,1.688087,2025-01-21,31.99,32.17,32.19,31.35,14959,47782706.00,2.63,0.85,0.27,0.80,2,1098,15.05
688087,英科再生,1,1.688087,2025-01-22,31.91,32.09,32.44,31.71,14736,47473418.00,2.27,-0.25,-0.08,0.79,2,1098,15.05
688087,英科再生,1,1.688087,2025-01-23,32.32,31.14,32.32,31.09,20873,66124517.00,3.83,-2.96,-0.95,1.12,2,1098,15.05
688087,英科再生,1,1.688087,2025-01-24,31.14,31.05,31.31,30.57,17162,53271790.00,2.38,-0.29,-0.09,0.92,2,1098,15.05
688087,英科再生,1,1.688087,2025-01-27,31.09,31.00,31.36,30.80,10987,34342663.00,1.80,-0.16,-0.05,0.59,2,1098,15.05
688087,英科再生,1,1.688087,2025-02-05,31.20,30.86,31.20,30.36,14042,43388953.00,2.71,-0.45,-0.14,0.75,2,1098,15.05
688087,英科再生,1,1.688087,2025-02-06,30.84,31.27,31.28,30.64,16561,51517128.00,2.07,1.33,0.41,0.89,2,1098,15.05
688087,英科再生,1,1.688087,2025-02-07,31.27,31.64,32.10,30.76,23700,74901955.00,4.29,1.18,0.37,1.27,2,1098,15.05
688087,英科再生,1,1.688087,2025-02-10,31.83,31.03,31.83,30.84,16599,51856286.00,3.13,-1.93,-0.61,0.89,2,1098,15.05
688087,英科再生,1,1.688087,2025-02-11,31.04,30.58,31.05,30.14,15806,48512261.00,2.93,-1.45,-0.45,0.85,2,1098,15.05
688087,英科再生,1,1.688087,2025-02-12,30.53,32.12,32.26,30.29,28817,91523891.00,6.44,5.04,1.54,1.55,2,1098,15.05
688087,英科再生,1,1.688087,2025-02-13,32.13,31.31,32.20,31.27,12623,40057277.00,2.90,-2.52,-0.81,0.68,2,1098,15.05
688087,英科再生,1,1.688087,2025-02-14,31.24,31.01,31.93,30.86,13917,43890692.00,3.42,-0.96,-0.30,0.75,2,1098,15.05
688087,英科再生,1,1.688087,2025-02-17,30.89,30.95,31.12,30.03,15845,48555620.00,3.51,-0.19,-0.06,0.85,2,1098,15.05
688087,英科再生,1,1.688087,2025-02-18,30.93,30.06,31.22,29.86,11858,36375822.00,4.39,-2.88,-0.89,0.64,2,1098,15.05
688087,英科再生,1,1.688087,2025-02-19,30.15,30.35,30.64,29.99,8620,26314460.00,2.16,0.96,0.29,0.46,2,1098,15.05
688087,英科再生,1,1.688087,2025-02-20,30.37,30.53,30.71,29.99,10320,31480893.00,2.37,0.59,0.18,0.55,2,1098,15.05
688087,英科再生,1,1.688087,2025-02-21,30.53,30.57,30.62,30.17,11686,35721133.00,1.47,0.13,0.04,0.63,2,1098,15.05
688087,英科再生,1,1.688087,2025-02-24,30.58,30.74,31.34,30.34,14271,44138977.00,3.27,0.56,0.17,0.77,2,1098,15.05
688087,英科再生,1,1.688087,2025-02-25,30.63,29.93,30.63,29.76,17507,52911239.00,2.83,-2.64,-0.81,0.94,2,1098,15.05
688087,英科再生,1,1.688087,2025-02-26,30.11,30.04,30.47,29.64,18582,56232022.00,2.77,0.37,0.11,1.00,2,1098,15.05
688087,英科再生,1,1.688087,2025-02-27,30.09,29.83,30.21,29.32,18821,56114579.00,2.96,-0.70,-0.21,1.01,2,1098,15.05
688087,英科再生,1,1.688087,2025-02-28,29.56,29.08,30.20,28.93,18505,54778974.00,4.26,-2.51,-0.75,0.99,2,1098,15.05
688087,英科再生,1,1.688087,2025-03-03,29.10,29.38,29.75,29.05,16631,49214871.00,2.41,1.03,0.30,0.89,2,1098,15.05
688087,英科再生,1,1.688087,2025-03-04,29.24,29.45,29.57,28.92,9972,29395833.00,2.21,0.24,0.07,0.54,2,1098,15.05
688087,英科再生,1,1.688087,2025-03-05,29.45,29.10,29.45,28.85,8393,24555766.00,2.04,-1.19,-0.35,0.45,2,1098,15.05
688087,英科再生,1,1.688087,2025-03-06,29.50,29.36,29.57,29.10,18079,53356314.00,1.62,0.89,0.26,0.97,2,1098,15.05
688087,英科再生,1,1.688087,2025-03-07,29.25,28.92,29.34,28.74,16310,47574098.00,2.04,-1.50,-0.44,0.88,2,1098,15.05
688087,英科再生,1,1.688087,2025-03-10,29.00,29.64,29.94,28.74,22430,66524286.00,4.15,2.49,0.72,1.20,2,1098,15.05
688087,英科再生,1,1.688087,2025-03-11,29.43,29.65,29.89,29.30,11004,32729894.00,1.99,0.03,0.01,0.59,2,1098,15.05
688087,英科再生,1,1.688087,2025-03-12,29.65,29.22,29.73,29.12,15369,45313484.00,2.06,-1.45,-0.43,0.83,2,1098,15.05
688087,英科再生,1,1.688087,2025-03-13,29.24,28.61,29.33,28.34,20562,59296014.00,3.39,-2.09,-0.61,1.10,2,1098,15.05
688087,英科再生,1,1.688087,2025-03-14,28.39,28.99,29.08,28.34,13968,40433343.00,2.59,1.33,0.38,0.75,2,1098,15.05
688087,英科再生,1,1.688087,2025-03-17,29.04,28.94,29.22,28.85,12149,35420327.00,1.28,-0.17,-0.05,0.65,2,1098,15.05
688087,英科再生,1,1.688087,2025-03-18,28.92,29.26,29.42,28.92,14953,43927488.00,1.73,1.11,0.32,0.80,2,1098,15.05
688087,英科再生,1,1.688087,2025-03-19,29.30,28.96,29.34,28.79,10954,31945588.00,1.88,-1.03,-0.30,0.59,2,1098,15.05
688087,英科再生,1,1.688087,2025-03-20,29.05,29.12,29.40,28.80,8732,25576995.00,2.07,0.55,0.16,0.47,2,1098,15.05
688087,英科再生,1,1.688087,2025-03-21,29.01,28.59,29.29,28.57,10806,31346451.00,2.47,-1.82,-0.53,0.58,2,1098,15.05
688087,英科再生,1,1.688087,2025-03-24,28.60,28.18,28.84,27.77,13039,37076648.00,3.74,-1.43,-0.41,0.70,2,1098,15.05
688087,英科再生,1,1.688087,2025-03-25,28.04,28.36,28.60,27.85,18532,52625737.00,2.66,0.64,0.18,1.00,2,1098,15.05
688087,英科再生,1,1.688087,2025-03-26,28.16,28.18,28.61,28.14,11210,31977070.00,1.66,-0.63,-0.18,0.60,2,1098,15.05
688087,英科再生,1,1.688087,2025-03-27,28.07,28.34,28.79,27.90,12739,36371146.00,3.16,0.57,0.16,0.68,2,1098,15.05
688087,英科再生,1,1.688087,2025-03-28,28.39,27.91,28.50,27.77,12436,35081549.00,2.58,-1.52,-0.43,0.67,2,1098,15.05
688087,英科再生,1,1.688087,2025-03-31,27.91,27.36,27.99,27.16,17794,49296055.00,2.97,-1.97,-0.55,0.96,2,1098,15.05
688087,英科再生,1,1.688087,2025-04-01,27.40,27.41,27.67,27.29,15816,43653268.00,1.39,0.18,0.05,0.85,2,1098,15.05
688087,英科再生,1,1.688087,2025-04-02,27.35,27.48,27.69,27.28,11582,32030932.00,1.50,0.26,0.07,0.62,2,1098,15.05
688087,英科再生,1,1.688087,2025-04-03,27.23,24.70,27.23,24.59,74632,192517519.00,9.61,-10.12,-2.78,4.01,2,1098,15.05
688087,英科再生,1,1.688087,2025-04-07,22.84,19.83,23.02,19.73,73593,154053380.00,13.32,-19.72,-4.87,3.95,2,1098,15.05
688087,英科再生,1,1.688087,2025-04-08,20.44,20.68,21.11,20.05,46506,96662679.00,5.35,4.29,0.85,2.50,2,1098,15.05
688087,英科再生,1,1.688087,2025-04-09,19.94,20.89,21.02,19.24,36686,75157315.00,8.61,1.02,0.21,1.97,2,1098,15.05
688087,英科再生,1,1.688087,2025-04-10,22.54,22.44,24.20,22.38,62061,144424962.00,8.71,7.42,1.55,3.33,2,1098,15.05
688087,英科再生,1,1.688087,2025-04-11,22.44,22.22,22.81,22.14,34893,78606817.00,2.99,-0.98,-0.22,1.87,2,1098,15.05
688087,英科再生,1,1.688087,2025-04-14,22.73,22.43,22.73,22.17,27831,62822670.00,2.52,0.95,0.21,1.49,2,1098,15.05
688087,英科再生,1,1.688087,2025-04-15,22.49,23.06,23.06,22.20,24259,55384915.00,3.83,2.81,0.63,1.30,2,1098,15.05
688087,英科再生,1,1.688087,2025-04-16,22.99,22.04,22.99,21.74,29964,67049281.00,5.42,-4.42,-1.02,1.61,2,1098,15.05
688087,英科再生,1,1.688087,2025-04-17,21.85,21.99,22.24,21.84,15929,35451479.00,1.81,-0.23,-0.05,0.86,2,1098,15.05
688087,英科再生,1,1.688087,2025-04-18,21.97,21.45,22.10,21.37,28328,61691160.00,3.32,-2.46,-0.54,1.52,2,1098,15.05
688087,英科再生,1,1.688087,2025-04-21,21.44,21.94,22.04,21.33,22791,49843154.00,3.31,2.28,0.49,1.22,2,1098,15.05
688087,英科再生,1,1.688087,2025-04-22,21.75,21.69,21.92,21.42,20283,44291791.00,2.28,-1.14,-0.25,1.09,2,1098,15.05
688087,英科再生,1,1.688087,2025-04-23,21.98,22.43,23.14,21.85,59729,136122333.00,5.95,3.41,0.74,3.21,2,1098,15.05
688087,英科再生,1,1.688087,2025-04-24,22.38,22.23,22.57,21.88,29847,66745772.00,3.08,-0.89,-0.20,1.60,2,1098,15.05
688087,英科再生,1,1.688087,2025-04-25,22.41,22.97,23.09,22.04,39037,89145295.00,4.72,3.33,0.74,2.10,2,1098,15.05
688087,英科再生,1,1.688087,2025-04-28,21.94,22.22,22.93,21.94,38817,87380591.00,4.31,-3.27,-0.75,2.08,2,1098,15.05
688087,英科再生,1,1.688087,2025-04-29,22.22,22.68,23.02,22.19,28342,64746973.00,3.74,2.07,0.46,1.52,2,1098,15.05
688087,英科再生,1,1.688087,2025-04-30,22.54,23.41,23.62,22.52,35735,83526067.00,4.85,3.22,0.73,1.92,2,1098,15.05
688087,英科再生,1,1.688087,2025-05-06,23.54,23.72,23.84,23.40,28698,68219786.00,1.88,1.32,0.31,1.54,2,1098,15.05
688087,英科再生,1,1.688087,2025-05-07,24.18,23.61,24.34,23.43,30237,72686521.00,3.84,-0.46,-0.11,1.62,2,1098,15.05
688087,英科再生,1,1.688087,2025-05-08,23.35,23.66,23.82,23.35,30930,73493911.00,1.99,0.21,0.05,1.66,2,1098,15.05
688087,英科再生,1,1.688087,2025-05-09,23.67,23.37,23.74,23.14,20580,48386020.00,2.54,-1.23,-0.29,1.10,2,1098,15.05
688087,英科再生,1,1.688087,2025-05-12,23.67,23.74,24.04,23.24,28603,68060582.00,3.42,1.58,0.37,1.54,2,1098,15.05
688087,英科再生,1,1.688087,2025-05-13,24.15,24.30,24.54,23.93,43331,105758629.00,2.57,2.36,0.56,2.33,2,1098,15.05
688087,英科再生,1,1.688087,2025-05-14,24.16,24.10,24.30,23.89,22955,55550427.00,1.69,-0.82,-0.20,1.23,2,1098,15.05
688087,英科再生,1,1.688087,2025-05-15,24.11,24.03,24.40,23.68,24229,58540771.00,2.99,-0.29,-0.07,1.30,2,1098,15.05
688087,英科再生,1,1.688087,2025-05-16,24.02,23.92,24.41,23.78,17014,41317098.00,2.62,-0.46,-0.11,0.91,2,1098,15.05
688087,英科再生,1,1.688087,2025-05-19,23.78,23.61,23.81,23.14,30923,72833060.00,2.80,-1.30,-0.31,1.66,2,1098,15.05
688087,英科再生,1,1.688087,2025-05-20,23.53,23.73,23.84,23.31,18831,44737559.00,2.24,0.51,0.12,1.01,2,1098,15.05
688087,英科再生,1,1.688087,2025-05-21,23.67,23.35,23.67,23.32,16864,39792328.00,1.47,-1.60,-0.38,0.91,2,1098,15.05
688087,英科再生,1,1.688087,2025-05-22,23.33,23.34,23.69,22.95,23269,54693151.00,3.17,-0.04,-0.01,1.25,2,1098,15.05
688087,英科再生,1,1.688087,2025-05-23,23.26,22.95,23.72,22.91,28158,66065153.00,3.47,-1.67,-0.39,1.51,2,1098,15.05
688087,英科再生,1,1.688087,2025-05-26,22.94,23.39,23.44,22.82,17127,39878017.00,2.70,1.92,0.44,0.92,2,1098,15.05
688087,英科再生,1,1.688087,2025-05-27,23.25,23.34,23.45,23.01,12930,30219469.00,1.88,-0.21,-0.05,0.69,2,1098,15.05
688087,英科再生,1,1.688087,2025-05-28,23.26,23.38,23.54,23.06,13471,31645501.00,2.06,0.17,0.04,0.72,2,1098,15.05
688087,英科再生,1,1.688087,2025-05-29,23.38,23.94,24.22,23.25,21640,52197664.00,4.15,2.40,0.56,1.16,2,1098,15.05
688087,英科再生,1,1.688087,2025-05-30,24.23,23.92,24.75,23.84,32390,78993358.00,3.80,-0.08,-0.02,1.74,2,1098,15.05
688087,英科再生,1,1.688087,2025-06-03,23.92,24.09,24.34,23.68,21146,51171771.00,2.76,0.71,0.17,1.14,2,1098,15.05
688087,英科再生,1,1.688087,2025-06-04,23.94,24.06,24.32,23.87,17185,41546226.00,1.87,-0.12,-0.03,0.92,2,1098,15.05
688087,英科再生,1,1.688087,2025-06-05,23.92,24.30,24.76,23.92,25397,62367285.00,3.49,1.00,0.24,1.36,2,1098,15.05
688087,英科再生,1,1.688087,2025-06-06,24.13,24.03,24.33,23.97,11128,26988295.00,1.48,-1.11,-0.27,0.60,2,1098,15.05
688087,英科再生,1,1.688087,2025-06-09,24.03,24.29,24.30,24.03,10778,26240754.00,1.12,1.08,0.26,0.58,2,1098,15.05
688087,英科再生,1,1.688087,2025-06-10,24.25,24.65,25.36,24.16,39940,99764128.00,4.94,1.48,0.36,2.14,2,1098,15.05
688087,英科再生,1,1.688087,2025-06-11,24.75,24.57,24.81,24.49,14421,35736381.00,1.30,-0.32,-0.08,0.77,2,1098,15.05
688087,英科再生,1,1.688087,2025-06-12,24.57,25.26,25.64,24.29,28470,72254621.00,5.49,2.81,0.69,1.53,2,1098,15.05
688087,英科再生,1,1.688087,2025-06-13,24.92,24.98,25.34,24.74,27650,69599603.00,2.38,-1.11,-0.28,1.48,2,1098,15.05
688087,英科再生,1,1.688087,2025-06-16,24.90,24.76,25.21,24.54,21618,53983669.00,2.68,-0.88,-0.22,1.16,2,1098,15.05
688087,英科再生,1,1.688087,2025-06-17,24.76,24.66,24.82,24.24,22685,55983592.00,2.34,-0.40,-0.10,1.22,2,1098,15.05
688087,英科再生,1,1.688087,2025-06-18,24.50,24.31,24.63,24.15,15388,37641482.00,1.95,-1.42,-0.35,0.83,2,1098,15.05
688087,英科再生,1,1.688087,2025-06-19,24.24,23.34,24.37,23.28,26422,63047181.00,4.48,-3.99,-0.97,1.42,2,1098,15.05
688087,英科再生,1,1.688087,2025-06-20,23.42,23.52,23.99,23.26,19624,46799583.00,3.13,0.77,0.18,1.05,2,1098,15.05
688087,英科再生,1,1.688087,2025-06-23,23.34,23.61,23.78,23.13,10240,24270619.00,2.76,0.38,0.09,0.55,2,1098,15.05
688087,英科再生,1,1.688087,2025-06-24,23.61,24.40,24.45,23.58,18454,44712655.00,3.68,3.35,0.79,0.99,2,1098,15.05
688087,英科再生,1,1.688087,2025-06-25,24.49,25.16,25.29,24.22,28820,71980688.00,4.39,3.11,0.76,1.55,2,1098,15.05
688087,英科再生,1,1.688087,2025-06-26,25.55,25.09,25.55,24.90,19711,49711802.00,2.58,-0.28,-0.07,1.06,2,1098,15.05
688087,英科再生,1,1.688087,2025-06-27,25.10,25.21,25.79,25.00,23589,60141634.00,3.15,0.48,0.12,1.27,2,1098,15.05
688087,英科再生,1,1.688087,2025-06-30,25.34,25.60,25.71,25.11,18358,46933811.00,2.38,1.55,0.39,0.99,2,1098,15.05
688087,英科再生,1,1.688087,2025-07-01,25.60,26.18,26.24,25.33,29627,76773827.00,3.55,2.27,0.58,1.59,2,1098,15.05
688087,英科再生,1,1.688087,2025-07-02,25.91,25.79,26.20,25.53,29630,76739657.00,2.56,-1.49,-0.39,1.59,2,1098,15.05
688087,英科再生,1,1.688087,2025-07-03,25.93,26.50,26.65,25.71,38570,102209691.00,3.64,2.75,0.71,2.07,2,1098,15.05
688087,英科再生,1,1.688087,2025-07-04,26.51,25.68,26.63,25.67,24713,64165090.00,3.62,-3.09,-0.82,1.33,2,1098,15.05
688087,英科再生,1,1.688087,2025-07-07,25.61,25.45,25.88,25.32,13489,34564505.00,2.18,-0.90,-0.23,0.72,2,1098,15.05
688087,英科再生,1,1.688087,2025-07-08,25.57,25.82,26.09,25.35,20712,53489913.00,2.91,1.45,0.37,1.11,2,1098,15.05
688087,英科再生,1,1.688087,2025-07-09,25.72,26.02,26.51,25.72,18381,48221517.00,3.06,0.77,0.20,0.99,2,1098,15.05
688087,英科再生,1,1.688087,2025-07-10,26.11,26.21,26.42,25.91,13947,36704892.00,1.96,0.73,0.19,0.75,2,1098,15.05
688087,英科再生,1,1.688087,2025-07-11,26.21,26.29,26.45,26.03,11626,30596424.00,1.60,0.31,0.08,0.62,2,1098,15.05
688087,英科再生,1,1.688087,2025-07-14,26.39,26.19,26.49,26.05,15957,41929641.00,1.67,-0.38,-0.10,0.86,2,1098,15.05
688087,英科再生,1,1.688087,2025-07-15,26.10,25.55,26.12,25.30,27598,70948020.00,3.13,-2.44,-0.64,1.48,2,1098,15.05
688087,英科再生,1,1.688087,2025-07-16,25.60,26.15,26.26,25.45,23366,60823995.00,3.17,2.35,0.60,1.25,2,1098,15.05
688087,英科再生,1,1.688087,2025-07-17,26.15,26.23,26.35,25.98,12661,33282246.00,1.41,0.31,0.08,0.68,2,1098,15.05
688087,英科再生,1,1.688087,2025-07-18,26.23,26.25,26.52,25.96,13685,35967662.00,2.13,0.08,0.02,0.73,2,1098,15.05
688087,英科再生,1,1.688087,2025-07-21,26.34,26.25,26.46,26.12,18658,49217299.00,1.30,0.00,0.00,1.00,2,1098,15.05
688087,英科再生,1,1.688087,2025-07-22,26.19,26.49,26.64,26.16,18274,48496131.00,1.83,0.91,0.24,0.98,2,1098,15.05
688087,英科再生,1,1.688087,2025-07-23,26.46,26.50,26.90,26.33,24843,66445534.00,2.15,0.04,0.01,1.33,2,1098,15.05
688087,英科再生,1,1.688087,2025-07-24,26.56,26.87,27.09,26.40,19534,52392860.00,2.60,1.40,0.37,1.05,2,1098,15.05
688087,英科再生,1,1.688087,2025-07-25,26.87,27.12,27.70,26.74,22160,60684328.00,3.57,0.93,0.25,1.19,2,1098,15.05
688087,英科再生,1,1.688087,2025-07-28,27.15,27.56,27.89,26.96,26814,74303588.00,3.43,1.62,0.44,1.44,2,1098,15.05
688087,英科再生,1,1.688087,2025-07-29,27.56,27.34,27.56,26.92,20745,56715323.00,2.32,-0.80,-0.22,1.11,2,1098,15.05
688087,英科再生,1,1.688087,2025-07-30,27.34,27.20,27.59,27.01,23407,63898397.00,2.12,-0.51,-0.14,1.26,2,1098,15.05
688087,英科再生,1,1.688087,2025-07-31,27.08,26.62,27.30,26.57,28834,77853565.00,2.68,-2.13,-0.58,1.55,2,1098,15.05
688087,英科再生,1,1.688087,2025-08-01,26.49,27.27,27.31,26.49,16652,45084091.00,3.08,2.44,0.65,0.89,2,1098,15.05
688087,英科再生,1,1.688087,2025-08-04,27.27,28.90,29.07,27.05,54316,155768521.00,7.41,5.98,1.63,2.92,2,1098,15.05
688087,英科再生,1,1.688087,2025-08-05,29.14,29.53,29.64,28.77,38261,112031539.00,3.01,2.18,0.63,2.05,2,1098,15.05
688087,英科再生,1,1.688087,2025-08-06,29.62,29.42,29.72,28.60,46753,136332732.00,3.79,-0.37,-0.11,2.51,2,1098,15.05
688087,英科再生,1,1.688087,2025-08-07,29.30,28.80,29.71,28.76,25907,75626674.00,3.23,-2.11,-0.62,1.39,2,1098,15.05
688087,英科再生,1,1.688087,2025-08-08,28.80,28.55,28.87,28.20,25588,73329473.00,2.33,-0.87,-0.25,1.37,2,1098,15.05
688087,英科再生,1,1.688087,2025-08-11,28.70,29.02,29.38,28.41,28334,82670342.00,3.40,1.65,0.47,1.52,2,1098,15.05
688087,英科再生,1,1.688087,2025-08-12,28.94,28.46,29.27,28.26,19519,55971751.00,3.48,-1.93,-0.56,1.05,2,1098,15.05
688087,英科再生,1,1.688087,2025-08-13,28.50,28.70,28.89,28.18,23735,68035650.00,2.49,0.84,0.24,1.27,2,1098,15.05
688087,英科再生,1,1.688087,2025-08-14,28.78,27.93,28.89,27.92,21511,60672651.00,3.38,-2.68,-0.77,1.15,2,1098,15.05
688087,英科再生,1,1.688087,2025-08-15,27.96,28.84,29.19,27.93,30291,87329666.00,4.51,3.26,0.91,1.63,2,1098,15.05
688087,英科再生,1,1.688087,2025-08-18,29.02,28.67,29.19,28.42,24024,69239585.00,2.67,-0.59,-0.17,1.29,2,1098,15.05
688087,英科再生,1,1.688087,2025-08-19,28.78,28.47,28.78,28.22,17804,50865095.00,1.95,-0.70,-0.20,0.96,2,1098,15.05
688087,英科再生,1,1.688087,2025-08-20,28.58,28.85,28.87,28.28,15856,45489722.00,2.07,1.33,0.38,0.85,2,1098,15.05
688087,英科再生,1,1.688087,2025-08-21,28.84,28.29,29.06,28.05,42203,120700505.00,3.50,-1.94,-0.56,2.27,2,1098,15.05
688087,英科再生,1,1.688087,2025-08-22,28.30,27.78,28.43,27.69,37706,105736835.00,2.62,-1.80,-0.51,2.02,2,1098,15.05
688087,英科再生,1,1.688087,2025-08-25,27.89,28.03,28.23,27.60,39136,109473919.00,2.27,0.90,0.25,2.10,2,1098,15.05
688087,英科再生,1,1.688087,2025-08-26,28.18,28.80,29.20,28.18,47664,136969945.00,3.64,2.75,0.77,2.56,2,1098,15.05
688087,英科再生,1,1.688087,2025-08-27,28.40,28.19,29.78,28.10,59462,172884217.00,5.83,-2.12,-0.61,3.19,2,1098,15.05
688087,英科再生,1,1.688087,2025-08-28,28.30,27.74,28.44,26.97,50761,140583025.00,5.21,-1.60,-0.45,2.73,2,1098,15.05
688087,英科再生,1,1.688087,2025-08-29,27.67,27.59,27.88,27.41,20496,56804137.00,1.69,-0.54,-0.15,1.10,2,1098,15.05
688087,英科再生,1,1.688087,2025-09-01,27.60,27.18,27.97,27.01,35459,97677299.00,3.48,-1.49,-0.41,1.90,2,1098,15.05
688087,英科再生,1,1.688087,2025-09-02,27.17,26.81,27.22,26.41,28450,76425315.00,2.98,-1.36,-0.37,1.53,2,1098,15.05
688087,英科再生,1,1.688087,2025-09-03,27.05,26.62,27.05,26.53,17104,45916563.00,1.94,-0.71,-0.19,0.92,2,1098,15.05
688087,英科再生,1,1.688087,2025-09-04,26.56,26.26,26.86,25.80,22550,59788341.00,3.98,-1.35,-0.36,1.21,2,1098,15.05
688087,英科再生,1,1.688087,2025-09-05,26.28,26.60,26.72,26.28,15399,41051159.00,1.68,1.29,0.34,0.83,2,1098,15.05
688087,英科再生,1,1.688087,2025-09-08,26.60,26.86,27.18,26.43,17577,47331069.00,2.82,0.98,0.26,0.94,2,1098,15.05
688087,英科再生,1,1.688087,2025-09-09,26.82,26.75,27.10,26.61,17074,45973623.00,1.82,-0.41,-0.11,0.92,2,1098,15.05
688087,英科再生,1,1.688087,2025-09-10,26.75,26.61,26.98,26.37,14078,37594895.00,2.28,-0.52,-0.14,0.76,2,1098,15.05
688087,英科再生,1,1.688087,2025-09-11,26.56,27.06,27.09,26.30,17083,45984925.00,2.97,1.69,0.45,0.92,2,1098,15.05
688087,英科再生,1,1.688087,2025-09-12,27.06,26.80,27.26,26.80,14610,39557113.00,1.70,-0.96,-0.26,0.78,2,1098,15.05
688087,英科再生,1,1.688087,2025-09-15,26.65,26.70,26.92,26.51,11114,29827674.00,1.53,-0.37,-0.10,0.60,2,1098,15.05
688087,英科再生,1,1.688087,2025-09-16,26.79,26.60,26.79,26.24,12778,33965408.00,2.06,-0.37,-0.10,0.69,2,1098,15.05
688087,英科再生,1,1.688087,2025-09-17,26.60,26.59,26.98,26.22,12004,32175332.00,2.86,-0.04,-0.01,0.64,2,1098,15.05
688087,英科再生,1,1.688087,2025-09-18,26.56,25.88,26.65,25.81,20895,55052678.00,3.16,-2.67,-0.71,1.12,2,1098,15.05
688087,英科再生,1,1.688087,2025-09-19,25.81,26.21,26.46,25.81,15051,39507328.00,2.51,1.28,0.33,0.81,2,1098,15.05
688087,英科再生,1,1.688087,2025-09-22,26.25,26.65,26.65,25.65,18434,48548461.00,3.82,1.68,0.44,0.99,2,1098,15.05
688087,英科再生,1,1.688087,2025-09-23,26.45,25.96,26.61,25.55,18355,47739814.00,3.98,-2.59,-0.69,0.99,2,1098,15.05
688087,英科再生,1,1.688087,2025-09-24,26.36,26.25,26.43,25.94,13441,35327014.00,1.89,1.12,0.29,0.72,2,1098,15.05
688087,英科再生,1,1.688087,2025-09-25,26.25,26.73,26.96,25.96,20894,55963469.00,3.81,1.83,0.48,1.12,2,1098,15.05
688087,英科再生,1,1.688087,2025-09-26,26.74,26.32,26.74,26.23,11822,31349382.00,1.91,-1.53,-0.41,0.63,2,1098,15.05
688087,英科再生,1,1.688087,2025-09-29,26.42,26.33,26.57,26.07,11082,29151001.00,1.90,0.04,0.01,0.59,2,1098,15.05
688087,英科再生,1,1.688087,2025-09-30,26.33,26.41,26.62,26.16,10362,27437054.00,1.75,0.30,0.08,0.56,2,1098,15.05
688087,英科再生,1,1.688087,2025-10-09,26.61,27.31,27.39,26.13,25696,69100510.00,4.77,3.41,0.90,1.38,2,1098,15.05
688087,英科再生,1,1.688087,2025-10-10,27.28,27.60,28.22,27.04,37120,103124353.00,4.32,1.06,0.29,1.99,2,1098,15.05
688087,英科再生,1,1.688087,2025-10-13,26.83,27.34,27.66,26.71,15079,41110949.00,3.44,-0.94,-0.26,0.81,2,1098,15.05
688087,英科再生,1,1.688087,2025-10-14,27.47,27.47,27.95,27.13,18968,52366290.00,3.00,0.48,0.13,1.02,2,1098,15.05
688087,英科再生,1,1.688087,2025-10-15,27.46,27.20,27.50,27.00,15056,40958472.00,1.82,-0.98,-0.27,0.81,2,1098,15.05
688087,英科再生,1,1.688087,2025-10-16,27.37,26.93,27.37,26.83,9560,25817448.00,1.99,-0.99,-0.27,0.51,2,1098,15.05
688087,英科再生,1,1.688087,2025-10-17,26.93,26.84,27.14,26.66,17642,47462673.00,1.78,-0.33,-0.09,0.95,2,1098,15.05
688087,英科再生,1,1.688087,2025-10-20,27.07,28.33,28.58,26.86,54259,152509941.00,6.41,5.55,1.49,2.91,2,1098,15.05
688087,英科再生,1,1.688087,2025-10-21,28.30,29.81,29.93,28.01,59154,172594942.00,6.78,5.22,1.48,3.18,2,1098,15.05
688087,英科再生,1,1.688087,2025-10-22,29.70,29.22,29.70,28.67,31066,90525268.00,3.46,-1.98,-0.59,1.67,2,1098,15.05
688087,英科再生,1,1.688087,2025-10-23,29.20,30.20,30.64,28.81,40047,120387096.00,6.26,3.35,0.98,2.15,2,1098,15.05
688087,英科再生,1,1.688087,2025-10-24,30.14,29.87,30.40,29.74,25001,74896076.00,2.19,-1.09,-0.33,1.34,2,1098,15.05
688087,英科再生,1,1.688087,2025-10-27,29.97,29.98,30.16,29.69,20749,62084754.00,1.57,0.37,0.11,1.11,2,1098,15.05
688087,英科再生,1,1.688087,2025-10-28,30.13,29.56,31.37,29.55,41054,124198094.00,6.07,-1.40,-0.42,2.20,2,1098,15.05
688087,英科再生,1,1.688087,2025-10-29,29.72,29.69,29.89,29.23,16024,47333828.00,2.23,0.44,0.13,0.86,2,1098,15.05
688087,英科再生,1,1.688087,2025-10-30,29.69,29.13,29.74,28.88,18558,54436841.00,2.90,-1.89,-0.56,1.00,2,1098,15.05
688087,英科再生,1,1.688087,2025-10-31,29.39,30.54,31.25,29.13,49100,150098730.00,7.28,4.84,1.41,2.64,2,1098,15.05
688087,英科再生,1,1.688087,2025-11-03,30.95,30.21,30.95,29.81,20505,61882318.00,3.73,-1.08,-0.33,1.10,2,1098,15.05
688087,英科再生,1,1.688087,2025-11-04,30.28,29.59,30.32,29.37,16660,49525315.00,3.14,-2.05,-0.62,0.89,2,1098,15.05
688087,英科再生,1,1.688087,2025-11-05,29.51,29.64,29.81,29.06,13348,39357910.00,2.53,0.17,0.05,0.72,2,1098,15.05
688087,英科再生,1,1.688087,2025-11-06,29.60,29.80,30.46,29.46,15199,45521439.00,3.37,0.54,0.16,0.82,2,1098,15.05
688087,英科再生,1,1.688087,2025-11-07,29.65,29.57,30.16,29.41,15137,44906590.00,2.52,-0.77,-0.23,0.81,2,1098,15.05
688087,英科再生,1,1.688087,2025-11-10,29.88,29.88,30.26,29.52,25851,77355859.00,2.50,1.05,0.31,1.39,2,1098,15.05
688087,英科再生,1,1.688087,2025-11-11,29.98,30.85,31.00,29.61,32891,100330995.00,4.65,3.25,0.97,1.77,2,1098,15.05
688087,英科再生,1,1.688087,2025-11-12,30.86,30.90,31.10,30.15,19111,58415263.00,3.08,0.16,0.05,1.03,2,1098,15.05
688087,英科再生,1,1.688087,2025-11-13,30.70,30.96,31.15,30.38,24062,74190972.00,2.49,0.19,0.06,1.29,2,1098,15.05
688087,英科再生,1,1.688087,2025-11-14,30.94,31.12,32.75,30.94,47487,151576523.00,5.85,0.52,0.16,2.55,2,1098,15.05
688087,英科再生,1,1.688087,2025-11-17,31.39,30.59,31.52,30.37,19020,58316108.00,3.70,-1.70,-0.53,1.02,2,1098,15.05
688087,英科再生,1,1.688087,2025-11-18,30.52,29.83,30.60,29.62,18178,54511854.00,3.20,-2.48,-0.76,0.98,2,1098,15.05
688087,英科再生,1,1.688087,2025-11-19,29.98,29.33,30.20,29.18,10532,31056272.00,3.42,-1.68,-0.50,0.57,2,1098,15.05
688087,英科再生,1,1.688087,2025-11-20,29.40,29.09,29.75,29.01,8261,24219378.00,2.52,-0.82,-0.24,0.44,2,1098,15.05
688087,英科再生,1,1.688087,2025-11-21,29.04,28.16,29.39,27.94,17322,49388928.00,4.98,-3.20,-0.93,0.93,2,1098,15.05
688087,英科再生,1,1.688087,2025-11-24,28.16,28.55,28.96,27.93,12318,35032167.00,3.66,1.38,0.39,0.66,2,1098,15.05
688087,英科再生,1,1.688087,2025-11-25,28.72,28.91,29.11,28.40,10466,30273765.00,2.49,1.26,0.36,0.56,2,1098,15.05
688087,英科再生,1,1.688087,2025-11-26,28.90,29.06,29.50,28.80,13562,39517912.00,2.42,0.52,0.15,0.73,2,1098,15.05
688087,英科再生,1,1.688087,2025-11-27,29.19,29.20,29.76,28.89,10303,30187036.00,2.99,0.48,0.14,0.55,2,1098,15.05
688087,英科再生,1,1.688087,2025-11-28,29.38,29.77,29.88,28.88,10266,30226573.00,3.42,1.95,0.57,0.55,2,1098,15.05
688087,英科再生,1,1.688087,2025-12-01,30.09,30.00,30.41,29.62,9564,28674654.00,2.65,0.77,0.23,0.51,2,1098,15.05
688087,英科再生,1,1.688087,2025-12-02,30.22,29.50,30.22,29.41,6902,20497866.00,2.70,-1.67,-0.50,0.37,2,1098,15.05
688087,英科再生,1,1.688087,2025-12-03,29.64,29.67,30.10,29.34,13209,39266234.00,2.58,0.58,0.17,0.71,2,1098,15.05
688087,英科再生,1,1.688087,2025-12-04,29.66,29.78,30.14,29.39,10459,31191720.00,2.53,0.37,0.11,0.56,2,1098,15.05
688087,英科再生,1,1.688087,2025-12-05,29.78,29.98,30.18,29.55,7152,21332457.00,2.12,0.67,0.20,0.38,2,1098,15.05
688087,英科再生,1,1.688087,2025-12-08,29.98,29.54,30.08,29.40,11090,32841615.00,2.27,-1.47,-0.44,0.60,2,1098,15.05
688087,英科再生,1,1.688087,2025-12-09,29.90,28.86,29.90,28.82,8224,23973741.00,3.66,-2.30,-0.68,0.44,2,1098,15.05
688087,英科再生,1,1.688087,2025-12-10,28.71,29.49,29.85,28.62,14546,42580614.00,4.26,2.18,0.63,0.78,2,1098,15.05
688087,英科再生,1,1.688087,2025-12-11,29.78,29.40,29.94,29.35,10688,31679050.00,2.00,-0.31,-0.09,0.57,2,1098,15.05
688087,英科再生,1,1.688087,2025-12-12,29.31,30.81,31.19,29.31,38223,117047089.00,6.39,4.80,1.41,2.05,2,1098,15.05
688087,英科再生,1,1.688087,2025-12-15,30.96,30.90,31.33,30.49,22831,70534466.00,2.73,0.29,0.09,1.23,2,1098,15.05
688087,英科再生,1,1.688087,2025-12-16,30.90,30.93,31.66,30.63,22722,70883192.00,3.33,0.10,0.03,1.22,2,1098,15.05
688087,英科再生,1,1.688087,2025-12-17,31.00,32.12,32.22,30.92,34124,108177470.00,4.20,3.85,1.19,1.83,2,1098,15.05
688087,英科再生,1,1.688087,2025-12-18,32.40,32.42,32.92,31.71,27534,88856187.00,3.77,0.93,0.30,1.48,2,1098,15.05
688087,英科再生,1,1.688087,2025-12-19,32.50,32.27,32.95,32.14,20757,67402428.00,2.50,-0.46,-0.15,1.11,2,1098,15.05
688087,英科再生,1,1.688087,2025-12-22,32.39,31.92,32.43,31.66,21377,68335321.00,2.39,-1.08,-0.35,1.15,2,1098,15.05
688087,英科再生,1,1.688087,2025-12-23,31.84,31.96,32.39,31.50,13346,42767155.00,2.79,0.13,0.04,0.72,2,1098,15.05
688087,英科再生,1,1.688087,2025-12-24,31.96,31.99,32.11,31.67,9829,31375921.00,1.38,0.09,0.03,0.53,2,1098,15.05
688087,英科再生,1,1.688087,2025-12-25,32.22,31.50,32.32,31.38,18743,59532636.00,2.94,-1.53,-0.49,1.01,2,1098,15.05
688087,英科再生,1,1.688087,2025-12-26,31.43,30.90,31.59,30.78,15371,47771702.00,2.57,-1.90,-0.60,0.83,2,1098,15.05
688087,英科再生,1,1.688087,2025-12-29,30.76,30.77,31.16,30.39,15987,49121054.00,2.49,-0.42,-0.13,0.86,2,1098,15.05
688087,英科再生,1,1.688087,2025-12-30,30.40,30.74,31.41,30.40,14438,44829039.00,3.28,-0.10,-0.03,0.78,2,1098,15.05
688087,英科再生,1,1.688087,2025-12-31,30.95,30.82,31.29,30.50,15449,47745506.00,2.57,0.26,0.08,0.83,2,1098,15.05
688087,英科再生,1,1.688087,2026-01-05,31.20,31.39,31.85,30.87,19298,60456243.00,3.18,1.85,0.57,1.04,2,1098,15.05
688087,英科再生,1,1.688087,2026-01-06,31.40,31.13,31.54,30.97,12737,39682014.00,1.82,-0.83,-0.26,0.68,2,1098,15.05
688087,英科再生,1,1.688087,2026-01-07,31.08,31.38,31.78,30.93,13037,40904139.00,2.73,0.80,0.25,0.70,2,1098,15.05
688087,英科再生,1,1.688087,2026-01-08,31.17,31.02,31.26,30.68,16136,49911359.00,1.85,-1.15,-0.36,0.87,2,1098,15.05
688087,英科再生,1,1.688087,2026-01-09,31.00,30.96,31.08,30.41,17595,54105688.00,2.16,-0.19,-0.06,0.94,2,1098,15.05
688087,英科再生,1,1.688087,2026-01-12,31.01,30.95,31.17,30.19,17236,52895884.00,3.17,-0.03,-0.01,0.93,2,1098,15.05
688087,英科再生,1,1.688087,2026-01-13,30.82,30.81,31.37,30.61,14983,46557461.00,2.46,-0.45,-0.14,0.80,2,1098,15.05
688087,英科再生,1,1.688087,2026-01-14,30.70,31.17,31.64,30.70,19084,59588363.00,3.05,1.17,0.36,1.02,2,1098,15.05
688087,英科再生,1,1.688087,2026-01-15,31.15,32.97,33.25,31.09,31923,103486567.00,6.93,5.77,1.80,1.71,2,1098,15.05
688087,英科再生,1,1.688087,2026-01-16,32.84,32.06,33.08,31.96,18751,60770669.00,3.40,-2.76,-0.91,1.01,2,1098,15.05
